00
70
1B
67
00
12
00
0B
07
13
76
0A
0F
00
00
79
65
76
65
0B
00
00
21
15
0B
09
1A
00
00
17
06
78
00
72
77
66
6B
00
62
14
00
07
77
00
77
00
15
00
13
00
78
1B
6F
6D
75
63
75
71
74
77
71
73
58
1B
62
00
00
00
00
09
76
11
00
00
09
6F
00
16
0A
00
00
6E
00
72
00
72
6C
0A
68
00
0A
00
0B
00
17
00
0D
08
10
6A
00
0A
6D
6C
0E
78
00
68
6D
68
6F
00
1E
6C
6E
00
00
63
79
6E
00
18
10
0A
00
6A
0B
0F
0D
00
78
6A
06
22
6C
0A
00
19
09
13
09
00
75
77
00
14
00
79
08
68
07
00
00
07
6D
00
0B
78
17
68
00
1C
15
0C
6E
14
00
71
72
1C
13
10
00
67
70
0C
73
00
20
00
0D
74
62
77
00
77
14
17
00
0E
08
00
6B
00
0D
77
11
77
00
00
0D
0C
19
73
13
12
00
00
78
00
00
74
74
56
07
00
72
20
6B
0E
00
09
00
64
00
72
00
5C
6E
11
70
71
63
00
77
78
10
0F
6C
14
60
00
75
00
06
14
00
6A
75
0A
0B
0F
70
70
00
0A
00
00
0C
70
12
18
00
5E
07
13
78
10
6C
13
75
65
09
69
00
00
0A
18
06
0E
07
00
76
00
00
00
6F
70
18
16
77
1F
00
00
13
71
75
78
00
00
09
00
13
70
78
6C
00
63
19
00
71
00
00
73
72
00
00
0D
0D
74
11
00
6E
00
10
0D
00
75
11
0C
16
0D
00
16
00
1E
0E
19
66
13
14
70
76
09
76
00
65
10
0D
07
76
00
00
79
74
22
00
00
09
5F
00
00
5A
0E
76
74
00
6D
13
00
78
00
71
70
51
0C
69
00
0E
23
1B
12
2D
21
16
0C
0B
16
0B
75
72
6F
74
5F
6E
00
69
00
6E
00
00
65
76
00
00
74
00
0A
00
6F
77
6B
12
00
63
00
00
74
70
0C
6C
07
6A
79
00
31
00
00
1B
00
79
6F
1C
70
00
00
73
78
1A
09
79
00
00
06
70
19
09
10
00
00
0C
0C
00
0E
00
68
78
5C
66
62
00
00
11
73
10
14
79
00
72
1A
07
73
00
00
77
78
0E
13
00
75
6E
78
0E
0D
11
66
16
61
6C
72
74
00
60
16
12
00
6F
74
6E
00
00
70
00
00
00
73
0D
0B
00
00
1D
21
0F
00
77
00
59
0F
20
00
09
00
00
13
00
00
1C
0A
08
70
77
00
65
76
07
00
78
10
0F
0B
75
72
14
65
18
6E
1E
6C
55
15
00
77
00
00
00
65
0B
0E
00
00
63
74
00
00
00
6B
00
0B
00
75
00
6B
00
00
00
09
13
00
6A
00
00
08
00
78
70
0F
0E
6E
0B
75
00
08
6E
00
1B
00
00
00
06
74
57
07
0D
1C
0C
00
73
75
71
72
74
00
6A
23
65
78
0A
00
76
00
6B
00
00
0F
00
67
00
78
70
0B
0F
00
00
69
74
0F
00
06
5F
00
0C
78
21
00
0A
16
00
00
0A
11
00
71
00
74
00
00
00
00
14
00
0B
70
78
6A
00
67
4E
10
76
6E
79
09
1C
08
72
67
1A
16
09
75
14
1C
14
52
16
09
1E
0D
28
75
6F
00
07
0C
5E
00
74
00
68
0A
73
07
5A
21
00
79
12
61
00
0F
00
12
08
71
0A
00
00
0D
6F
00
0C
00
10
11
13
79
75
00
00
00
00
00
06
11
00
00
16
0B
78
08
00
00
12
1A
00
78
00
66
79
77
70
14
6F
00
60
07
6E
5B
08
62
17
75
00
19
58
66
0E
0A
00
0C
0A
10
75
0E
00
1C
00
23
09
68
00
00
11
00
07
15
63
74
00
00
12
18
14
0E
12
00
61
00
0C
79
0C
1D
0B
0D
76
00
72
00
00
00
00
18
72
6B
00
08
0B
6D
62
0B
76
00
68
00
74
00
00
0C
08
00
12
17
00
00
77
08
71
76
6E
73
14
6F
00
00
00
00
6B
1F
6C
07
1D
70
00
74
00
00
78
70
14
0D
74
72
0D
00
1C
13
1C
00
77
11
6E
07
00
11
00
74
00
00
78
18
0F
14
0E
14
00
70
78
00
00
00

