73
07
09
74
00
00
6D
0B
78
5C
0F
74
00
62
67
0E
00
75
6D
00
0B
12
10
79
12
00
08
00
0A
74
14
07
0A
00
00
0A
09
00
6B
1B
68
19
00
10
74
00
06
6C
08
15
6E
6B
00
53
69
00
0A
75
70
77
00
12
77
10
0B
00
10
08
77
1E
00
74
28
74
00
00
00
00
73
00
07
10
74
61
68
74
00
6E
18
00
6C
16
72
00
11
11
00
5D
6C
15
5E
6F
00
78
76
71
5C
0D
78
00
00
17
79
00
00
11
08
00
00
78
79
00
67
72
00
79
79
72
00
63
14
6B
00
07
69
00
72
0E
77
00
00
70
77
77
6D
00
6C
78
00
76
15
6B
00
0D
13
0E
72
00
00
21
5F
00
1D
00
0B
0F
70
0F
78
00
17
00
78
00
6C
00
75
71
00
75
09
69
6D
00
09
00
68
74
2A
77
00
08
17
78
5E
68
6E
75
00
09
00
00
00
00
12
08
12
00
19
0A
0C
70
00
1A
6B
00
00
77
11
19
00
71
1C
77
08
00
00
68
10
67
74
00
6F
73
07
00
68
10
00
6A
00
14
74
00
00
06
74
00
0F
62
0B
00
78
00
76
0E
1B
00
00
12
00
00
6F
0B
0C
77
00
0B
10
11
62
6C
0B
00
67
70
00
14
73
00
72
74
74
00
00
71
08
00
73
00
18
77
0B
00
13
0D
00
0E
71
00
74
00
6B
6C
79
74
0A
00
18
00
00
00
00
0A
00
00
0B
00
1A
74
0B
00
00
0C
00
60
00
00
00
6B
12
61
10
78
09
10
00
11
00
13
0C
79
00
07
00
09
09
19
14
0A
00
6A
00
12
16
60
6A
75
0C
12
00
08
6C
16
00
00
6C
00
0B
0D
11
0E
0C
00
08
71
0E
17
00
78
07
00
6D
0B
00
07
69
75
76
6B
08
73
14
75
71
06
00
07
00
73
10
6F
11
67
00
1F
07
64
00
00
00
07
00
0C
00
0C
6B
00
00
14
0A
00
00
10
0F
08
69
00
12
07
6D
78
19
09
0A
00
6F
08
0C
00
79
08
12
00
00
0F
00
08
73
0A
78
06
1B
73
78
16
78
78
00
71
59
0D
00
69
0F
07
0D
00
00
08
78
13
79
73
00
18
00
00
09
00
00
00
72
64
1B
0E
75
6E
00
00
50
19
73
00
5E
71
0F
08
00
00
6D
70
00
07
00
6E
00
10
72
00
08
0E
0A
21
6E
00
79
75
1A
00
6C
13
10
00
00
00
78
0B
18
72
6A
0F
00
00
00
78
18
6B
0C
12
10
1B
77
6C
18
73
72
00
07
00
77
00
00
14
00
0F
1B
00
14
07
00
6D
75
00
65
65
00
08
74
07
00
6B
6B
00
6E
00
77
00
08
78
1D
00
00
74
07
6C
00
15
74
07
0C
74
00
1B
74
00
00
14
00
78
1B
0B
77
71
00
6A
0D
21
0D
73
14
00
1B
00
00
00
00
08
76
78
0E
78
07
78
00
0C
6A
00
16
0F
17
69
1F
2E
29
00
6D
06
00
00
00
00
0E
79
08
00
00
06
00
13
07
5A
09
00
00
00
78
21
76
00
0B
00
08
79
74
0B
00
00
71
00
00
00
6E
0A
06
09
72
75
00
75
00
72
13
00
70
72
00
68
64
08
1C
71
0C
71
00
00
11
09
6A
0B
08
09
0E
62
00
00
76
17
6C
00
00
74
00
17
70
5A
00
6F
00
23
10
1E
00
0A
0D
08
11
0A
6C
69
67
00
00
78
0B
10
0F
77
06
76
00
00
16
00
06
70
13
6D
0B
00
6A
70
71
00
00
00
0E
75
09
06
6D
70
73
68
1F
1F
70
00
0D
76
00
18
66
08
09
12
66
00
12
75
6D
00
18
66
00
00
09
59
06
0C
0D
74
10
00
13
1C
68
78
00
0B
6F
08
00
69
70
79
6C
79
15
0D
0F
08
65
61
10
00
00
79
1E
0B
00
6F
00
00
0F
79
0E
0E
1C
11
0E
12
65
0C
07
07
0B
0E
22
18
77
19
0C
78
69
00
00
00
00
66
22
77
5E
0C
0C
74
19
67
00
00
0C
73
12
07
0A
17
0D
19
70
08
65
00
00
00
73
66
00
6F
10
11
66
19
76
00
0C
74
00
73
79
15

