00
0B
6F
00
00
78
75
07
0E
59
68
71
0D
73
5E
15
12
77
11
1C
0B
00
00
00
72
0A
6A
6B
00
72
0C
76
00
0D
76
00
6F
0A
0C
6D
6E
71
6D
75
6A
00
0F
10
0D
74
6F
06
00
00
78
10
07
00
0C
0D
00
00
70
00
00
1B
0E
6A
78
00
65
00
6C
77
00
15
00
00
18
00
77
00
00
1D
66
00
00
00
00
00
60
76
77
76
00
77
00
10
67
00
6F
71
06
79
61
77
00
6A
0C
00
78
0F
73
12
1A
11
14
15
00
0E
00
06
70
74
00
79
00
70
06
08
10
1C
00
16
71
0A
00
5D
00
00
00
00
09
18
22
06
1D
72
14
00
6B
69
61
78
1C
00
08
1C
00
6B
00
00
00
5F
06
08
0D
00
21
0B
00
00
0C
00
73
5E
6A
64
10
65
00
06
72
00
6A
17
63
62
6F
77
06
72
70
72
11
6C
5D
0F
00
78
16
6B
1D
09
16
16
09
20
19
17
0F
00
71
73
76
00
00
00
16
09
00
0D
16
00
14
76
77
6E
00
5B
72
0E
00
19
78
0A
00
07
5B
00
77
00
6D
1A
0B
08
09
66
77
69
00
68
76
6D
08
14
16
1D
70
00
5B
73
62
00
65
75
76
73
78
00
00
00
07
00
6F
67
00
11
0D
00
00
76
00
0F
6F
75
00
69
68
0D
00
00
0A
00
00
00
14
12
00
0F
6E
73
16
79
00
00
11
0F
6E
75
00
00
1B
0A
60
09
00
0A
0A
00
1A
13
00
6B
0B
00
74
00
2D
62
00
00
62
00
6E
78
78
09
00
6A
00
67
00
15
10
0C
0A
6E
00
00
00
00
00
0F
00
73
1B
6D
0A
00
00
07
00
19
76
0E
00
00
75
65
5C
6D
73
5D
00
77
69
79
60
62
00
74
15
08
18
00
0F
08
00
6F
00
74
00
69
5E
68
1E
00
29
0B
0A
00
0B
70
76
78
0A
6C
66
06
00
16
0F
08
07
78
09
1F
78
75
00
13
00
78
1E
79
00
5E
6A
68
66
5B
00
17
12
1A
73
00
77
00
70
69
00
64
60
1A
68
00
00
00
00
6D
00
6C
75
10
0C
23
60
00
17
77
74
00
1B
0E
15
1A
00
20
0F
11
18
00
00
0A
07
12
00
00
73
00
0D
67
00
2A
26
10
00
13
06
13
6D
64
78
00
73
77
78
00
29
75
08
11
00
75
73
75
5F
00
22
07
07
33
00
61
00
07
00
00
5E
00
19
0F
16
73
29
78
27
6B
6E
73
64
00
00
79
00
00
00
10
00
00
00
00
00
6B
75
6A
72
00
00
00
00
00
07
13
6F
00
08
79
67
00
00
00
00
00
72
07
00
75
5F
68
74
78
0E
1A
15
0F
06
16
08
74
06
69
11
0D
6D
5B
75
11
0D
00
00
6C
00
69
11
5D
6F
70
6D
07
00
00
00
06
78
76
75
72
00
00
0F
79
78
0A
00
00
1C
71
10
6E
6C
00
00
18
00
07
72
73
0B
79
66
0E
5C
0D
0A
6F
0F
0B
14
70
11
13
17
00
76
00
75
00
0E
00
07
00
00
00
0B
70
00
00
0A
70
00
0F
00
07
00
09
00
00
00
00
0E
10
00
00
0A
00
09
71
72
00
08
00
5A
00
76
6C
76
17
76
15
1B
79
00
00
00
08
00
78
13
12
73
78
11
10
64
13
63
00
16
00
00
77
0B
77
00
08
15
00
65
72
07
00
00
6F
75
00
09
6A
75
13
00
00
00
00
00
14
0A
00
14
00
77
00
00
0F
0A
00
70
78
00
75
00
72
06
0A
10
0F
73
70
00
0C
19
00
08
00
00
0C
00
00
73
00
00
00
0E
00
6F
0F
71
10
19
00
00
68
00
70
0F
0E
1E
74
00
00
00
11
73
69
0E
00
0C
0D
75
00
77
00
00
68
08
00
0E
0C
70
75
06
00
00
74
14
1F
74
00
00
75
00
11
74
00
00
00
1C
00
00
6E
00
77
69
75
78
75
6D
78
0F
11
14
0C
27
10
11
0D
75
0B
00
07
72
00
61
6A
1E
79
00
0C
75
75
0A
0A
00
00
00
13
72
00
61
00
61
78
77
00
0B
19
00
12
0E
6A
00
77
19
00
00
00
74
75

