09
00
1C
00
6E
10
00
74
00
74
6F
14
09
71
78
00
0D
78
00
0E
07
07
6C
67
0A
00
00
10
0C
71
00
65
6D
00
75
61
69
00
09
00
00
17
08
21
00
73
74
00
70
79
6D
00
78
70
78
20
00
00
00
77
69
00
6B
06
65
00
1A
0D
09
6C
11
76
00
6E
6B
00
12
00
0B
15
12
0E
00
14
71
00
00
69
64
77
07
00
00
00
13
72
00
77
74
67
74
00
78
64
74
71
74
00
74
00
00
78
14
74
00
00
70
00
77
78
5D
6B
00
6A
77
6F
00
6D
6C
77
12
0E
09
00
72
16
00
76
1F
00
74
08
00
5C
17
00
00
08
00
00
64
00
6F
00
00
22
00
00
0B
77
0B
09
21
22
74
70
0D
23
00
11
27
13
14
6B
06
6B
00
5E
00
66
07
78
68
15
00
1E
12
6B
76
73
00
75
00
00
0F
10
06
19
78
00
08
00
00
73
09
09
00
77
00
00
67
08
00
00
00
00
0E
00
1A
0D
0A
22
00
0F
07
59
00
00
11
0B
00
21
0D
14
06
6F
00
11
00
15
0F
71
78
00
0F
73
0B
75
00
0B
00
78
00
00
34
1A
74
77
6A
21
74
0C
6C
6F
74
78
00
00
00
00
13
79
74
00
0F
14
68
0F
6E
00
00
6C
00
00
00
16
70
0B
0A
00
00
00
00
77
0D
00
77
78
00
66
5E
6C
77
64
00
00
08
07
0F
00
0D
00
72
00
66
00
76
0A
64
00
00
73
15
00
12
00
00
00
0B
08
60
00
0B
0E
11
1A
10
00
74
06
00
0A
61
78
06
08
1D
6A
06
00
1B
12
00
00
00
00
00
08
00
1C
77
27
78
6D
0E
4C
79
68
79
75
76
65
0B
00
0B
78
0C
0F
00
79
71
67
73
77
00
79
00
6D
6B
00
00
72
6A
78
6D
00
0D
00
00
00
07
10
09
75
77
6E
32
79
00
00
12
00
6D
76
6A
72
00
76
61
09
71
00
27
64
0F
0B
18
0D
08
12
78
0C
09
0A
6A
13
00
11
6D
00
0F
00
72
76
00
00
70
21
00
6F
10
00
69
06
6D
0C
00
0F
0A
69
00
0C
76
0D
00
0E
00
6D
70
78
00
00
00
75
72
00
6F
06
63
6C
00
70
70
65
06
08
00
00
07
13
1E
15
61
08
76
0A
78
6C
00
6F
11
07
0F
78
66
71
78
70
6E
6A
00
1E
16
12
68
76
77
67
6B
12
6D
28
0D
6F
1D
6E
23
00
70
07
74
10
75
0C
07
00
07
75
00
20
74
10
79
78
18
71
72
16
67
6B
6A
00
6F
68
0A
00
00
08
06
15
00
0A
00
00
73
00
00
6E
58
77
00
68
67
08
00
1D
00
00
11
14
13
00
00
00
0B
0C
00
00
71
07
6F
0E
00
64
15
00
79
6F
6F
00
00
18
1A
00
00
77
68
6A
00
6F
0B
06
0E
11
00
0A
08
0B
73
61
6C
09
00
00
0B
06
73
6A
0D
00
59
00
00
1F
70
76
00
15
72
5B
00
0E
4E
10
06
78
06
0E
23
06
12
0A
00
00
6E
65
76
6D
67
6E
08
71
63
0D
07
0A
10
00
19
0F
70
75
61
00
0D
61
70
10
0D
76
0E
67
00
6C
00
71
6F
6E
72
00
09
6F
76
74
5F
5C
71
76
67
09
00
00
00
54
0D
00
00
00
6F
00
79
77
78
79
0E
00
06
1A
77
00
6E
09
72
68
00
00
00
78
00
06
76
00
73
00
00
76
00
78
00
09
00
12
00
12
00
00
09
00
62
71
00
6C
1C
09
00
73
00
79
6E
00
00
78
0C
1E
6D
64
67
78
16
79
76
6C
10
6F
0F
60
00
72
0C
00
00
00
00
19
0F
00
1F
62
6A
73
79
00
08
14
0B
00
77
69
76
78
0C
06
00
00
78
00
0D
0B
6E
11
70
00
68
6E
00
65
68
0B
69
00
18
00
79
07
08
00
00
13
79
73
00
00
6C
70
77
72
75
79
00
00
73
00
6F
73
11
00
16
0E
6B
0A
79
13
00
00
15
06
00
0D
74
14
00
00
14
00
10
67
00
12
75
13
68
68
71
75
0A
70
70
08
00
07
14
00
1C
09
00
60
66
09
78
6C

