00
06
7A
00
0D
70
76
78
73
5E
18
6C
1C
2C
00
78
0F
00
78
06
1E
72
00
10
00
72
00
14
00
6D
06
57
00
70
00
00
00
6E
00
0A
06
07
75
0C
6B
00
10
6F
06
00
73
00
00
05
00
00
06
75
14
69
09
79
79
10
74
0C
78
15
09
7A
71
00
73
09
0A
00
00
09
00
08
00
19
0D
74
71
00
77
0A
09
0C
05
00
12
08
14
00
5D
6D
64
09
73
71
0B
00
75
75
78
77
69
08
09
6C
71
00
79
00
05
79
71
00
10
0F
73
6F
09
77
0D
78
00
67
6D
6A
70
00
00
00
00
00
12
00
0F
76
0A
09
6A
6E
77
00
6C
11
00
6F
15
00
67
00
00
66
7A
1E
0A
07
0A
00
6D
00
76
76
6A
14
00
00
67
09
00
00
15
07
75
15
16
0E
73
00
79
73
63
76
6E
00
00
0B
00
65
79
65
00
73
07
13
73
77
0D
15
0B
76
1B
14
73
22
11
74
00
00
6C
6F
76
00
75
10
79
77
00
00
68
08
07
00
00
00
78
00
00
68
00
00
69
76
75
78
72
6D
00
6B
0A
07
64
78
00
14
07
00
11
00
6F
0E
68
00
00
00
6F
65
00
11
00
77
14
77
71
0D
0E
08
00
0F
14
00
00
15
06
2A
0F
0F
1D
79
00
0E
00
0E
71
06
00
74
10
6F
11
00
74
75
00
00
00
73
13
00
10
12
77
73
00
05
00
06
0E
0E
00
00
16
72
71
09
0E
72
0C
0C
67
00
0B
00
00
74
09
0E
00
07
6F
0C
72
07
00
00
00
00
13
76
75
73
00
74
14
00
1C
70
0B
75
0B
00
00
6B
00
00
05
78
75
00
00
00
0B
06
20
1A
73
75
0D
70
00
75
79
70
11
00
11
72
0A
00
71
69
78
68
16
10
00
00
00
79
0C
07
00
79
00
11
77
0D
00
77
0B
0D
18
07
14
07
14
75
00
72
00
00
00
00
00
00
74
78
00
72
77
72
00
6E
72
11
70
0F
14
09
6F
10
6A
12
00
6C
12
78
0A
73
72
77
00
1B
00
73
77
18
00
75
09
17
06
06
00
06
11
74
6C
06
00
19
07
73
0E
00
75
00
0D
08
00
12
00
0A
10
00
09
18
00
00
00
09
00
6A
08
00
14
72
74
12
00
11
0B
0A
0C
0A
00
72
00
70
0A
71
75
00
1C
00
74
00
08
00
79
00
0E
06
0A
78
00
08
0D
71
73
11
12
71
00
0C
09
0C
00
6E
00
00
00
71
79
70
00
75
00
78
6F
00
14
65
00
00
17
00
06
12
0E
00
76
6F
13
08
11
10
00
06
06
64
75
0C
08
74
71
00
00
00
07
00
00
78
09
7A
22
09
09
09
00
70
00
6C
66
0B
14
07
79
78
66
79
6F
00
73
00
78
0F
00
0F
79
6D
00
00
11
77
77
1A
06
00
00
0E
07
10
61
73
77
70
76
0B
0C
70
08
0B
07
74
6F
0C
0A
18
06
72
19
13
69
67
10
00
00
71
64
00
00
6B
08
12
00
0C
7A
00
0D
00
6E
6A
75
79
6F
6F
6D
00
0D
78
00
00
77
6C
13
0D
0D
10
75
6C
73
00
0B
00
6D
00
72
08
00
11
10
70
10
00
0A
76
70
00
0A
68
78
73
70
69
6F
07
76
78
66
08
0D
74
09
0A
00
17
00
08
79
00
00
71
00
73
15
70
6A
69
4E
78
62
54
0E
10
6A
12
15
75
60
0E
00
07
78
0C
1E
00
6F
15
11
00
00
12
09
07
09
07
00
0D
00
00
05
67
00
00
74
09
00
75
09
00
71
76
00
1E
00
76
00
00
00
6C
0B
00
6E
21
11
06
71
73
08
08
16
08
00
00
0C
12
70
0C
78
07
0B
18
79
07
76
00
00
67
6D
12
13
00
6F
1B
0B
1D
06
70
0B
10
75
6E
0F
13
0A
07
67
07
00
75
76
00
16
00
78
00
6B
70
6D
74
73
06
76
00
6B
09
0C
00
00
00
09
00
6A
0E
00
17
6A
0B
0D
00
72
0E
00
00
0B
0E
16
17
0C
00
78
00
0E
00
6E
6F
00
00
06
00
00
6E
08
75
0F
6F
00
08
00
00
00
0C
06
78

