06
00
00
08
6E
76
72
00
00
59
6D
00
00
09
00
11
13
06
0B
15
00
11
70
77
0F
00
08
12
06
0E
73
72
77
69
74
07
00
6E
72
06
18
12
00
6C
00
6C
21
00
00
00
69
6B
76
66
00
1A
0C
17
00
00
71
00
75
0A
66
0F
0C
71
11
0A
00
6F
09
76
76
0E
00
74
00
00
00
00
00
00
77
07
00
79
78
0A
77
00
00
62
72
77
07
66
00
00
62
00
66
5A
6F
00
00
69
06
70
07
16
6B
00
15
15
77
00
17
0F
07
16
00
62
78
67
76
09
00
1B
07
00
14
00
14
0C
6A
6C
6B
07
6A
0B
00
0D
0E
68
10
00
10
6D
00
61
00
71
00
00
73
0B
66
6D
00
00
07
79
0A
00
77
1B
00
00
1E
00
00
00
71
00
79
6E
1B
00
75
00
6F
72
00
00
62
53
60
70
00
57
5E
0D
74
49
6D
20
00
71
10
00
00
00
1C
00
00
1A
17
00
19
74
77
73
08
0C
6F
0E
00
08
74
00
78
00
09
75
00
07
00
00
6D
73
13
12
11
00
76
08
00
19
66
14
70
17
07
71
07
6E
00
61
76
00
00
71
0B
0C
12
18
00
19
65
78
00
0C
6E
65
73
6F
78
1A
00
60
00
00
64
6F
00
00
0C
00
00
63
78
12
5E
00
75
6F
00
06
00
6E
00
08
00
70
00
00
00
00
00
0B
14
0E
11
77
00
78
77
71
0E
6F
00
00
66
11
73
20
0A
00
0A
07
76
00
0A
74
74
74
00
00
00
07
70
08
6D
71
00
12
00
10
6D
00
00
22
11
00
00
07
0E
00
00
00
00
10
77
77
10
0A
07
70
70
12
00
0F
77
68
1D
00
57
79
71
65
00
58
00
00
6C
00
00
75
6E
00
77
00
16
6D
6E
00
00
74
76
72
6D
00
69
70
0C
0F
00
1B
00
08
09
6B
00
0A
0B
6D
00
00
00
00
18
0A
07
00
13
17
09
76
5E
76
17
09
72
71
75
07
72
78
0E
65
00
00
11
11
6D
69
10
00
00
68
16
74
61
0C
0D
00
73
00
76
75
69
5D
65
11
6F
08
6B
74
09
65
5B
10
0E
15
0D
00
00
00
74
00
0B
76
0B
00
74
76
00
6D
00
00
6A
00
67
14
17
07
00
00
1F
00
6F
68
74
0D
07
00
00
10
00
11
12
77
71
08
6B
76
6E
5C
00
00
00
71
62
06
75
6D
63
00
67
6A
00
74
08
79
18
00
75
15
6F
0D
00
6D
0D
09
73
00
00
19
1B
00
00
00
00
00
00
71
00
0A
00
79
13
12
70
0B
08
69
71
00
78
6A
6B
00
00
00
00
70
00
0E
00
00
70
6D
14
15
00
0F
00
6E
11
00
0D
64
78
00
07
6E
00
0E
00
11
00
71
00
00
00
5F
77
00
06
08
07
00
00
11
76
74
00
67
00
00
0D
00
65
00
00
00
0F
72
74
00
00
11
00
14
18
06
09
6D
06
79
78
67
60
11
72
4B
1D
24
71
14
0E
1F
70
75
67
00
06
00
72
73
76
6E
67
6E
70
00
71
6D
0E
00
70
00
00
00
00
12
00
0A
00
0C
76
06
14
6F
00
71
00
08
0C
00
00
79
5D
00
60
56
00
0A
13
75
19
77
78
00
00
00
68
6B
00
76
11
00
0A
10
00
0D
00
72
0A
75
08
0B
19
00
65
00
00
77
6B
69
6E
75
00
69
5F
00
74
55
00
0A
00
0E
09
0C
00
78
00
00
70
0A
00
07
1A
00
12
06
06
74
00
00
00
00
6F
00
77
17
76
61
76
00
00
10
6E
00
0D
73
76
14
00
76
00
6D
00
00
78
76
0B
12
0E
0E
00
00
72
00
00
6B
1B
00
00
0A
73
11
0B
75
0C
75
00
0F
6F
1E
61
20
61
00
00
00
0E
00
79
00
00
52
67
67
15
00
60
00
00
68
00
14
07
00
22
07
0B
0A
00
00
00
0D
6B
67
00
00
6F
00
76
18
14
0A
1E
00
72
10
72
6A
77
5E
00
00
69
6F
26
00
21
6D
00
62
0A
6D
77
75
00
09
00
0B
73
00
6D
71
6D
00
79
0A
00
16
20
75
00
5D
00
6D
77
09
72
6E

