73
73
77
6A
6F
11
79
00
6C
00
00
12
74
76
00
11
77
73
0B
0A
15
00
00
70
00
70
77
00
76
00
06
00
0B
0C
00
00
00
0D
00
00
00
00
00
00
1F
07
00
00
0B
11
00
00
0B
1D
77
0C
75
71
77
00
6C
11
00
73
06
00
00
00
6E
6B
66
00
70
00
06
08
00
13
72
00
77
10
08
12
0F
00
1A
00
00
00
00
08
08
0C
00
61
5E
00
6C
0F
78
12
6F
00
12
72
60
70
09
00
73
0D
0C
76
00
09
0B
00
77
00
6F
78
75
00
74
00
0F
00
10
13
79
06
18
7A
06
00
76
00
00
00
06
00
68
08
00
16
06
09
6E
00
00
77
6D
69
09
00
00
00
18
78
00
0C
6F
79
0C
72
00
00
0E
6F
00
77
00
00
71
69
0C
00
12
00
00
0A
73
0A
0E
00
00
00
65
67
66
00
00
66
0A
09
6A
00
76
6A
00
79
00
00
0A
00
0D
79
06
75
10
14
00
00
19
6B
00
07
00
00
00
00
75
00
6D
10
77
0C
15
70
0A
15
79
00
0C
00
07
73
69
08
75
76
14
06
14
70
09
14
07
62
0D
00
06
00
1A
67
10
71
1A
0E
6E
6B
70
14
00
09
00
00
08
67
6C
00
30
0C
0C
00
13
08
00
00
0C
07
00
00
1E
0C
12
00
00
00
00
0B
78
00
00
15
0E
0B
1C
10
0B
05
0A
07
70
0F
08
0A
79
00
00
12
00
72
0D
1A
08
00
00
0D
06
76
12
6B
00
0B
0F
6C
0C
14
78
6F
74
05
6C
06
76
10
00
70
0D
00
06
00
00
00
71
00
06
00
00
00
7A
00
00
16
0A
00
00
00
00
00
73
11
14
78
61
66
1F
08
00
0F
79
6E
0D
0A
00
00
00
00
0C
6F
67
00
75
00
00
77
72
07
09
74
11
6A
70
6A
07
0E
00
74
70
08
00
08
71
14
6B
73
00
6B
00
0C
65
14
76
13
00
74
75
73
71
07
15
11
6B
6D
75
11
73
69
64
0A
10
10
1E
75
00
00
00
07
00
16
6D
71
6B
00
00
00
00
00
72
15
00
75
70
6F
00
58
0C
0D
71
00
16
6B
6E
00
00
00
00
11
76
09
72
0B
09
12
16
00
11
75
76
08
00
6A
69
0E
0A
00
6C
00
10
10
00
00
0F
10
63
08
70
06
13
6F
0D
00
00
75
00
12
00
00
11
12
6A
0A
74
79
00
70
09
79
00
00
00
0A
05
17
07
00
14
00
00
00
00
16
08
73
71
00
65
00
1D
63
73
74
00
00
6B
0C
1A
6A
75
00
00
00
07
07
66
00
00
6E
00
75
00
75
07
79
14
1C
00
0F
18
00
72
0C
00
76
00
7A
76
00
73
09
73
17
76
00
00
18
00
00
00
15
0B
00
00
13
00
71
17
00
17
6F
00
00
00
6F
06
77
06
12
0B
7A
16
7A
0F
0F
0A
00
07
00
1A
6E
00
0D
14
7A
79
07
75
14
0A
00
78
5D
77
5D
0A
0E
76
6E
0D
72
00
05
75
00
00
0C
00
06
00
78
08
0D
78
76
0E
00
71
76
78
07
0C
08
09
11
15
00
0D
00
10
75
77
0B
70
76
0C
6E
00
74
0C
6A
6D
77
00
78
00
00
00
0C
00
7A
09
13
6F
6B
08
74
00
76
00
18
69
79
00
08
00
0E
79
00
00
00
74
74
19
07
65
65
00
08
18
72
74
00
1A
76
76
06
11
75
76
78
00
00
79
00
07
78
7A
75
00
70
08
5D
00
00
12
0A
0F
76
0C
13
0F
07
00
00
06
74
06
00
00
00
74
00
00
75
75
0C
1A
00
00
70
11
07
69
00
67
00
00
78
65
18
6C
00
00
0D
13
76
00
07
00
00
00
00
10
0A
09
00
70
00
00
08
76
62
00
00
00
78
6F
74
00
00
00
6D
0A
11
68
0E
06
71
7A
12
14
6F
73
12
00
78
77
00
7A
00
1E
0C
06
73
00
75
00
09
08
74
00
0F
77
06
75
07
78
00
00
08
79
08
7A
0D
77
76
79
00
11
09
07
0E
79
00
77
75
6D
78
6D
00
79
78
00
06
08
7A
00
00
00
00
00
6F
0F
00
00
74
00
17

