12
00
0B
69
00
72
79
73
6D
00
10
68
00
77
00
00
53
00
09
00
71
10
00
00
00
00
13
00
07
09
09
11
06
75
5F
6D
00
71
64
16
08
18
00
0F
07
00
13
67
77
72
72
00
6D
71
00
70
76
00
62
09
0A
0E
72
1E
5F
6B
00
0C
64
1D
00
67
76
16
07
07
00
72
1B
0E
00
73
00
08
08
74
00
25
69
00
70
6C
6A
00
77
6E
1F
6E
65
26
74
21
1A
75
11
11
17
6F
00
77
00
08
09
00
09
00
76
00
00
00
64
74
79
00
11
00
5B
6E
00
11
11
64
6C
1F
5B
00
00
78
00
0C
6F
6F
15
76
73
23
00
6C
22
68
6C
00
0A
63
00
6E
12
69
00
70
0C
6F
78
1D
76
19
13
61
17
76
21
0E
06
00
70
22
00
75
0C
0B
00
6B
00
6F
00
00
15
00
00
00
71
00
66
6D
6E
00
6E
00
6F
78
09
15
78
18
00
10
07
13
00
0B
00
00
5C
6D
66
00
0E
0E
76
09
61
08
73
6D
72
67
19
00
0D
10
00
79
08
00
17
72
6C
08
00
00
00
06
72
00
00
72
00
23
06
5C
78
17
0F
00
20
76
07
09
09
78
1E
6A
07
00
26
00
65
0F
07
19
62
00
00
00
11
11
0B
0E
0C
0A
76
72
1B
70
0D
00
72
75
00
76
07
0B
74
6D
00
63
00
76
75
74
0B
00
00
06
08
73
76
00
19
00
09
07
00
78
71
13
6F
00
07
74
00
09
07
0D
00
71
0D
00
00
11
08
00
13
00
79
17
00
13
78
0F
0B
0B
00
10
00
00
00
74
00
0A
77
00
00
00
76
00
10
70
78
00
10
71
71
18
52
76
0A
19
13
00
78
75
0A
5C
70
6B
69
00
09
00
00
00
0C
12
00
00
00
15
12
00
00
00
00
62
76
13
74
00
6E
0D
06
5B
08
68
0D
74
78
1E
77
66
00
79
00
75
66
70
00
00
66
14
00
00
72
08
00
11
20
67
22
00
66
76
18
6E
0D
72
22
0C
14
75
00
06
00
00
21
18
0B
00
72
00
5B
77
0D
67
77
17
75
77
00
00
00
68
5E
76
00
71
00
00
00
12
13
00
00
09
09
20
1C
00
00
76
77
72
00
75
0C
70
1D
77
69
77
6E
73
60
00
08
6B
73
71
70
00
70
17
73
74
00
73
13
00
1F
1C
17
1F
74
00
1B
12
74
1A
00
00
5B
1A
0B
11
65
0F
0F
1D
0F
00
69
0A
00
09
00
74
00
00
0E
0B
09
00
08
00
1F
18
26
78
09
15
0F
62
13
00
0C
6F
00
0B
77
00
77
6C
00
76
00
68
66
72
6A
66
6C
00
00
77
00
00
00
11
00
69
77
64
0E
66
0B
0A
64
0D
76
00
0B
0A
0C
00
10
00
74
74
00
06
70
00
78
1B
6D
00
00
00
00
77
0B
00
71
17
76
10
12
00
06
00
06
00
0B
1E
70
0F
5E
00
71
00
00
74
00
12
09
6C
5F
78
06
72
11
19
00
75
29
00
0E
1F
12
77
12
11
00
21
0D
14
6D
00
00
00
06
00
26
6B
1B
52
00
6B
6D
00
55
19
75
76
00
5E
72
00
00
23
6F
00
00
5E
19
0A
13
18
1C
18
71
0C
00
20
4E
00
08
68
6A
18
00
25
07
0F
0D
10
69
68
66
19
6E
00
0D
64
23
72
00
00
00
6E
77
00
09
61
0A
5A
6F
0A
76
76
76
08
76
76
00
08
10
00
13
17
12
00
73
00
00
00
00
5F
00
64
64
0A
6B
1F
65
73
0B
73
1C
00
17
00
6C
13
69
00
00
72
07
73
0C
74
74
0B
75
18
6B
1D
00
73
20
00
00
00
09
2C
56
66
00
08
00
08
0E
00
11
00
00
59
00
00
10
14
69
16
79
63
00
6B
70
6B
00
00
00
76
76
00
11
72
00
07
0C
6E
0C
10
75
1F
00
00
12
16
1A
1A
0B
0D
65
00
78
00
00
76
0F
61
1E
73
73
75
55
00
6D
20
65
6E
0C
69
71
08
6F
75
11
77
76
00
00
00
13
08
08
0D
00
18
1D
2C
69
20
24
77
72
0A
00
15
20
0A
11
0E
70
58
63
77
00
73

