00
79
00
18
15
00
73
78
07
5D
0D
78
1E
00
5D
00
00
5B
72
19
72
00
1B
00
76
14
00
6E
6B
74
78
75
73
5F
67
79
6E
6E
68
00
00
15
00
00
65
76
74
70
77
6C
6C
00
66
0E
00
00
73
0D
00
00
6D
00
00
10
75
00
00
6D
14
00
08
70
00
00
68
07
00
73
09
10
07
6F
6E
77
71
00
73
76
0B
0E
07
13
00
6C
2F
00
76
0F
00
72
6D
70
6E
61
14
62
74
07
63
14
00
00
07
07
71
00
7A
00
71
71
6A
69
78
00
77
06
00
6F
00
69
00
00
6D
72
12
11
00
0A
07
79
69
00
69
00
00
5F
07
14
13
74
00
79
08
00
79
7A
69
0D
00
0C
00
0A
00
57
6A
72
0A
00
0F
00
10
6E
00
72
76
76
00
18
08
72
0A
74
00
11
1F
11
00
5D
78
61
5B
0A
00
00
0A
00
00
77
00
0C
00
76
00
77
6A
75
73
67
70
00
00
00
72
0B
00
00
73
06
72
00
6A
63
0D
00
1C
00
0A
07
66
00
68
00
0F
0A
12
73
71
0F
5B
72
07
09
06
00
08
78
00
66
5C
7A
06
79
00
06
0C
1B
00
00
64
25
72
09
0D
00
2C
72
0B
18
07
1C
77
73
13
6D
09
00
75
00
76
00
65
00
09
74
10
66
75
05
00
0D
15
75
0A
00
00
6F
75
00
72
64
0C
09
61
00
00
6D
05
6E
78
74
00
09
00
09
13
10
00
73
11
74
71
08
71
00
00
74
00
0A
07
06
13
11
73
14
00
77
72
1E
09
0C
00
00
66
73
00
12
74
00
00
00
0E
78
72
00
13
0C
78
0C
25
06
6E
07
18
10
00
70
00
6F
73
00
63
00
76
0B
0B
11
00
00
77
00
74
00
00
6A
78
00
76
78
66
71
08
72
76
12
6D
19
73
13
00
07
6C
6B
76
74
0F
00
6E
71
66
70
79
72
17
00
06
11
66
0F
67
11
09
74
00
00
00
0F
65
64
00
0D
06
00
00
00
00
71
00
75
00
71
71
00
12
00
00
12
00
06
17
00
06
73
10
0E
00
73
6B
26
0C
77
14
00
70
78
73
73
00
00
13
0D
77
0D
0F
00
08
08
00
6D
6F
5F
6C
6F
71
00
71
71
19
00
0E
76
10
00
79
18
17
71
78
78
64
0A
00
69
09
73
00
00
13
72
09
20
74
71
00
16
17
11
77
00
76
73
79
00
09
33
19
74
0F
00
71
0B
7A
6F
06
1D
79
72
74
77
74
1A
10
11
78
21
71
77
14
0E
00
1B
00
75
00
11
78
06
00
0F
08
61
00
00
00
73
68
66
10
0A
1F
0C
25
0C
00
12
75
00
6B
00
15
00
10
71
00
0B
78
69
71
0E
68
73
00
63
00
1B
00
11
00
00
0D
08
00
14
76
00
6F
74
12
11
75
06
70
76
72
72
00
12
0E
00
00
0B
0E
00
69
11
0D
00
00
00
79
78
77
00
49
78
00
0B
0F
09
78
00
67
74
00
00
75
71
00
00
78
08
00
00
0D
72
00
00
6C
78
11
0D
00
79
75
77
00
67
19
00
08
71
67
09
75
06
00
79
0D
74
10
11
07
63
00
6F
70
73
75
12
07
00
09
00
06
0C
74
75
76
79
76
12
77
00
10
78
71
0F
5E
62
07
00
14
76
00
79
0D
0A
0D
19
00
00
00
6F
68
00
0D
16
00
70
06
71
00
13
73
6F
00
00
78
00
06
6F
76
0A
5C
62
6F
72
74
6D
70
62
76
0F
64
7A
07
69
00
71
14
00
0B
1A
6E
73
71
68
00
6A
00
08
12
74
00
0D
09
78
00
09
00
08
00
7A
00
0F
00
00
77
00
0E
0C
6C
00
00
00
77
78
0F
6E
00
79
1D
00
6D
0C
00
5E
71
0F
69
79
00
73
6F
4E
00
6C
00
6A
00
00
74
00
08
00
00
00
00
75
78
13
00
1B
71
77
6E
71
6A
00
08
00
00
6D
18
6F
09
00
08
75
76
11
00
00
00
6E
6D
09
6E
00
78
00
15
70
00
76
0F
00
07
6D
09
73
00
00
66
18
08
74
77
00
0E
07
71
0C
21
00
6B
70
00
1B
62
77

