00
0C
6D
15
32
76
0C
07
66
00
00
00
6D
73
00
00
1D
1A
00
16
08
0A
11
15
0E
00
12
70
08
00
5D
65
61
00
00
07
00
14
0D
0B
16
00
00
73
22
63
6B
0E
00
76
17
6E
74
79
18
73
00
00
12
66
61
63
11
00
00
57
6E
0F
5B
6D
00
73
0A
65
12
6C
00
16
15
64
00
00
72
6F
22
00
6E
79
00
00
76
00
6C
14
0F
00
56
09
07
67
1C
74
12
00
6A
6F
5F
1B
19
6C
13
77
73
10
1A
00
00
76
00
60
17
77
00
00
00
00
0B
08
76
15
79
19
77
10
30
6A
14
00
64
17
0A
0E
74
00
72
00
21
6C
6D
73
5B
00
06
06
75
00
00
1E
00
10
14
00
6E
78
0D
13
00
6E
06
00
06
00
00
79
15
00
75
00
00
12
77
00
00
00
6F
09
09
00
0B
10
00
68
00
6D
78
00
00
6C
78
09
00
70
6E
76
15
6B
11
66
78
00
6F
13
19
00
00
07
74
00
63
72
0A
00
00
78
06
76
00
0D
72
6F
6B
71
6A
00
69
74
0D
1E
09
67
00
78
72
6B
6E
09
00
00
73
00
19
08
07
77
1C
00
73
60
00
0D
76
07
0D
00
00
06
00
15
00
74
00
6F
0D
0D
62
00
0F
0A
00
00
1D
78
07
09
00
15
14
07
78
79
00
16
0B
0E
6A
00
08
22
00
00
70
78
77
12
07
00
00
06
0A
00
00
00
79
79
76
00
0D
11
00
07
00
78
00
00
06
73
0E
00
78
09
00
00
00
00
00
00
77
78
00
00
00
00
0D
77
07
6C
00
0B
00
00
1D
00
0F
69
77
0C
00
00
66
00
00
18
70
72
07
00
07
1D
76
08
07
71
18
0F
00
16
1A
14
76
78
00
6B
66
08
11
75
66
00
00
73
71
11
0B
0B
00
00
72
20
5D
09
12
71
0C
75
16
69
6F
13
00
6D
00
71
6A
0C
0B
0C
00
78
00
6E
0E
67
0E
00
0E
07
1A
6E
65
00
71
00
6D
12
15
71
0C
14
00
18
08
19
6C
76
79
6A
14
74
77
75
00
00
00
00
00
00
00
00
0C
76
0E
00
00
08
00
00
6F
06
73
00
07
00
69
00
00
73
71
00
00
67
08
73
0F
76
77
0C
74
00
00
74
0F
6D
00
0D
78
0C
74
00
00
6A
00
00
10
0C
00
00
00
0E
00
78
79
76
72
74
00
00
0C
78
00
73
00
00
00
74
6F
00
00
07
09
00
19
77
00
00
75
00
71
77
11
08
00
6D
11
00
13
00
00
77
00
00
1F
66
18
64
75
25
00
0F
72
00
1A
07
5F
00
07
79
00
0A
00
00
1E
54
1A
0D
00
11
25
17
06
6C
5B
78
61
1C
17
70
66
0C
16
17
6A
12
21
0C
06
0F
78
27
52
00
6A
10
00
14
11
0D
00
77
73
06
00
00
00
71
00
6B
00
26
19
24
6F
13
00
27
76
73
0C
64
13
00
77
73
09
74
00
17
72
00
0F
0A
00
00
00
15
08
79
00
20
0D
0F
0C
00
6E
69
77
14
62
6B
77
0D
5F
0B
0E
75
15
00
08
20
68
10
00
79
00
00
69
72
00
77
00
18
00
00
70
00
12
11
71
08
6F
68
0C
16
00
13
0D
68
6E
10
00
00
16
09
00
6E
79
00
10
09
72
00
09
1A
19
00
14
00
77
17
00
00
6E
13
77
11
74
76
00
68
00
12
00
0B
18
74
77
17
74
0C
00
6E
6D
77
78
13
6C
09
00
14
0A
11
12
12
76
63
0F
23
64
08
6B
0C
64
0B
78
76
2B
18
07
11
09
00
07
76
00
00
65
00
00
76
74
00
00
00
6F
77
12
0B
00
00
00
0C
00
0E
1F
08
07
6D
76
17
76
00
00
00
00
00
15
6D
06
67
74
71
6C
1F
14
6D
25
1F
73
00
6F
78
08
00
1A
00
1B
71
00
76
6A
66
74
00
00
00
78
77
07
24
00
5E
0F
00
64
68
6E
00
78
0D
00
00
00
14
08
12
00
77
70
00
78
00
68
76
27
00
08
07
6B
00
0A
00
74
0D
6F
77
00
00
6E
72
06
76
00
0A
06
00
79
64
00
00
75
00
1A
79
00
75
08
00
77
6E
16
00
29
00
09
00
74
79
61
1F
13
6A
1A
6F
71
13
14
0C
00
72
00
70
0F
72
00
72
08
75
11
00
72
13
00
1E
72
21
23
73
1E
00
6B
16
14
1D
00
00
74
75
13
6A
00
6C
00
00
12
00
74
00
0A
1B
78
00
11
00
64
00
71
73
00
64
00
79
09
6A
73
00
23
09
00
76
0E
00
6C
00
77
07
00
74
00
00
0D
1A
73
69
0D
74
74
0D
00
00
74
00

