00
75
79
76
00
0E
00
0B
73
00
0B
00
00
77
67
71
00
75
12
00
73
10
09
0C
09
6A
00
0D
6D
00
00
64
78
0C
70
77
6B
74
74
00
07
08
75
00
6E
6B
00
09
6B
76
76
06
00
00
00
79
77
00
70
00
73
00
70
65
6C
00
75
0D
76
00
00
00
0D
00
13
00
00
6C
00
00
77
79
00
0A
00
0D
00
65
06
10
00
1D
71
74
74
60
00
00
00
00
00
10
00
6B
71
06
0A
68
14
69
71
1B
0F
09
0D
0D
73
1D
0F
79
78
6F
76
10
77
0E
79
00
0D
00
1D
12
00
0B
00
00
72
6E
00
00
6C
6D
00
12
00
00
17
63
18
72
00
66
77
00
00
74
00
00
73
65
5D
00
0E
61
08
74
08
00
79
72
09
72
68
00
69
6E
70
00
76
0D
00
09
19
0E
78
06
62
5B
50
00
07
00
50
22
28
45
00
2B
0B
69
28
0F
78
00
00
00
72
00
00
79
00
00
0B
15
00
00
00
73
73
75
00
16
00
19
74
12
00
06
0A
78
00
00
00
00
14
78
00
00
09
1C
00
0D
60
11
79
74
72
13
09
00
74
6E
0F
00
00
6B
00
0C
12
12
00
72
00
00
00
10
00
00
00
00
00
70
00
0E
00
74
00
00
19
79
00
00
00
0D
60
70
71
76
00
08
00
62
09
78
00
77
0D
00
16
00
0E
00
19
15
0B
00
00
78
75
00
00
68
0D
67
07
73
6F
00
00
00
14
1E
00
74
00
07
00
00
11
78
10
12
72
00
00
6F
67
1B
00
71
0C
00
0C
24
00
12
69
00
0D
0B
61
12
00
14
0E
00
0D
0B
0B
78
00
6D
0C
6F
00
0B
1D
1F
62
64
18
71
6D
5F
70
00
6A
08
00
00
10
00
72
00
19
00
00
17
00
00
08
00
08
09
76
00
78
00
08
0D
6B
1D
06
00
00
00
07
11
00
07
00
6F
00
12
76
00
16
29
00
00
75
0E
00
00
63
6B
00
00
64
61
00
0E
00
00
76
00
00
72
00
08
06
09
10
6F
6C
08
72
0A
76
6C
00
75
0B
00
00
12
15
00
6C
68
16
6B
66
00
08
0F
0E
17
00
0B
12
00
16
00
06
00
13
26
0D
74
0C
00
1C
73
00
10
11
16
00
09
17
1E
75
6D
00
06
0A
11
78
23
14
11
00
72
70
00
0A
00
00
6D
0E
6C
14
73
64
73
73
61
70
00
67
6D
17
00
00
6E
11
75
00
00
6B
77
72
6B
74
10
73
6F
00
18
11
78
09
00
00
78
00
00
69
00
00
00
06
73
0D
11
0B
6C
72
00
00
6E
70
0E
73
72
74
00
14
00
00
78
75
65
1C
15
00
73
0E
00
72
00
00
00
00
13
08
75
69
00
00
00
71
6F
00
67
00
6A
66
00
06
00
74
78
6E
00
00
00
14
72
00
10
00
0E
00
00
0C
00
1E
00
00
71
00
00
71
66
00
26
12
0A
77
1F
00
00
75
00
77
70
0E
18
18
00
15
1B
6E
73
76
76
00
67
69
68
6B
00
54
0D
00
0C
00
0A
15
24
79
77
10
73
06
6E
75
10
13
00
14
0B
72
6D
78
76
00
08
0D
18
06
0C
63
6F
79
00
00
73
07
77
07
00
14
0E
0F
00
00
65
0D
00
00
00
00
00
00
75
77
14
22
6E
77
00
0B
77
00
77
00
6D
5A
70
76
0B
00
75
74
08
09
67
12
09
00
76
12
00
07
0A
66
09
00
00
17
13
00
0C
00
00
6C
78
76
00
71
00
74
78
76
10
0F
00
00
00
00
70
75
79
78
70
0D
13
00
6E
00
0C
00
79
79
00
5F
73
11
72
71
00
0C
72
00
79
0B
16
10
79
00
14
76
00
79
72
00
00
0E
6A
00
00
00
76
0F
00
71
19
17
17
0D
00
00
0E
1A
78
00
26
73
6E
57
73
00
61
0B
72
78
00
00
00
00
29
00
00
14
0D
00
07
09
00
16
00
00
0A
72
00
00
71
64
14
6E
77
68
64
00
0B
08
0A
06
00
00
00
6D
08
78
00
0F
0E
06
09
00
0B
0E
73
78
00
00
07
6F
79
6B
00
0F
00
0D
00
00
69

