0000
0000
0000
0000
0000
0000
0000
0000
0000
0000
0000
0000
0000
0000
0000
0000
0000
0000
0000
0000
0000
0000
0000
0000
0000
0000
0000
0000
0000
0000
0000
0000
0000
0000
0000
0000
0000
0000
0000
0000
0000
0000
0000
0000
0000
0000
0000
0000
0000
0000
0000
1000
1000
1000
1000
1000
1000
1000
1000
2000
2000
2000
2000
3000
3000
3000
4000
4000
5000
5000
6000
7000
8000
9000
A000
B000
D000
E000
0000
3000
5000
8000
B000
F000
3000
7000
D000
3000
9000
1000
9000
3000
E000
B000
9000
8000
A000
F000
5000
F000
C000
C000
1000
A000
8000
B000
5000
5000
D000
C000
4000
5000
1000
7000
8000
4000
D000
2000
4000
1000
B000
0000
0000
9000
B000
3000
0000
0000
0000
0000
D000
5000
7000
0000
0000
5000
F000
C000
E000
3000
C000
8000
9000
F000
B000
C000
4000
3000
B000
B000
5000
8000
6000
F000
4000
4000
1000
B000
1000
6000
8000
7000
5000
2000
D000
7000
F000
7000
D000
3000
9000
D000
1000
5000
8000
B000
D000
0000
2000
3000
5000
6000
7000
8000
9000
A000
B000
B000
C000
C000
D000
D000
D000
E000
E000
E000
E000
F000
F000
F000
F000
F000
F000
F000
F000
0000
0000
0000
0000
0000
0000
0000
0000
0000
0000
0000
0000
0000
0000
0000
0000
0000
0000
0000
0000
0000
0000
0000
0000
0000
0000
0000
0000
0000
0000
0000
0000
0000
0000
0000
0000
0000
0000
0000
0000
0000
0000
0000
0000
0000
0000
0000
0000
0000
0000
0000

