71
6F
00
00
15
00
0B
6D
00
14
68
0E
08
00
77
00
6B
73
61
00
09
00
0B
6D
00
00
75
19
72
66
00
0B
00
70
6E
73
00
00
00
70
00
76
00
00
00
77
72
77
00
75
00
67
0B
00
0A
6B
22
18
00
6E
0D
00
75
10
66
65
00
00
6D
69
11
00
00
6E
00
00
00
08
1A
68
00
6A
73
17
00
72
71
00
13
00
6B
11
00
00
00
1B
72
0D
74
73
66
00
75
0B
0D
77
00
74
6C
00
6C
74
00
75
72
00
1A
00
09
00
10
6A
19
00
11
00
00
00
00
76
72
72
61
00
0A
72
09
0D
71
09
00
75
00
69
00
00
09
09
67
5E
6D
6E
0D
1F
00
5A
0A
00
00
0C
00
67
1E
73
74
76
68
65
0D
0A
65
0D
00
6A
0F
00
00
00
00
1B
0D
1C
00
00
00
61
00
00
00
00
10
74
6F
00
6E
72
00
55
0D
0A
59
14
14
0A
76
26
6E
00
00
00
00
00
77
6A
6B
6D
1B
00
0E
10
00
77
6C
00
66
77
00
00
1B
00
21
00
00
6A
00
00
68
5C
0E
17
00
64
1F
0E
13
0A
6D
00
0D
75
00
69
00
00
5E
00
00
0D
09
00
00
65
76
0E
6B
00
00
6D
00
1C
15
00
6E
72
00
00
00
75
00
13
6F
00
14
00
00
71
76
73
0E
70
74
00
6C
00
08
00
71
70
6D
00
00
0C
6D
15
32
76
0C
00
66
00
00
00
6D
73
00
00
1D
1A
00
16
08
0A
11
15
0E
00
12
70
00
00
5D
65
61
00
00
00
00
14
0D
0B
16
00
00
73
22
63
6B
0E
00
76
17
6E
74
00
18
73
00
00
12
66
61
63
11
00
00
57
6E
0F
5B
6D
00
73
0A
65
12
6C
00
16
15
64
00
00
72
6F
22
00
6E
00
00
00
76
00
6C
14
0F
00
56
09
00
67
1C
74
12
00
6A
6F
5F
1B
19
6C
13
00
73
10
1A
00
00
76
00
60
17
00
00
00
00
00
0B
08
76
15
00
19
00
10
30
6A
14
00
64
17
0A
0E
74
00
72
00
21
6C
6D
73
5B
00
00
00
75
00
00
1E
00
10
14
00
6E
00
0D
13
00
6E
00
00
00
00
00
00
15
00
75
00
00
12
00
00
00
00
6F
09
09
00
0B
10
00
68
00
6D
00
00
00
6C
00
09
00
70
6E
76
15
6B
11
66
00
00
6F
13
19
00
00
00
74
00
63
72
0A
00
00
00
00
76
00
0D
72
6F
6B
71
6A
00
69
74
0D
1E
09
67
00
00
72
6B
6E
09
00
00
73
00
19
08
00
00
1C
00
73
60
00
0D
76
00
0D
00
00
00
00
15
00
74
00
6F
0D
0D
62
00
0F
0A
00
00
1D
00
00
09
00
15
14
00
00
00
00
16
0B
0E
6A
00
00
22
00
00
70
00
77
12
00
00
00
00
0A
00
00
00
00
00
76
00
0D
11
00
00
00
00
00
00
00
73
0E
00
00
09
00
00
00
00
00
00
77
00
00
00
00
00
0D
00
00
6C
00
0B
00
00
1D
00
0F
69
00
0C
00
00
66
00
00
18
70
72
00
00
00
1D
76
00
00
71
18
0F
00
16
1A
14
76
00
00
6B
66
00
11
75
66
00
00
73
71
11
0B
0B
00
00
72
20
5D
09

