00
00
08
08
0C
00
61
5E
00
6C
0F
00
12
6F
00
12
72
60
70
09
00
73
0D
0C
76
00
09
0B
00
77
00
6F
00
75
00
74
00
0F
00
10
13
00
00
18
00
00
00
76
00
00
00
00
00
68
08
00
16
00
09
6E
00
00
77
6D
69
09
00
00
00
18
78
00
0C
6F
00
0C
72
00
00
0E
6F
00
77
00
00
71
69
0C
00
12
00
00
0A
73
0A
0E
00
00
00
65
67
66
00
00
66
0A
09
6A
00
76
6A
00
00
00
00
0A
00
0D
00
00
75
10
14
00
00
19
6B
00
00
00
00
00
00
75
00
6D
10
77
0C
15
70
0A
15
00
00
0C
00
00
73
69
08
75
76
14
00
14
70
09
14
00
62
0D
00
00
00
1A
67
10
71
1A
0E
6E
6B
70
14
00
09
00
00
08
67
6C
00
30
0C
0C
00
13
08
00
00
0C
00
00
00
1E
0C
12
00
00
00
00
0B
00
00
00
15
0E
0B
1C
10
0B
00
0A
00
70
0F
08
0A
00
00
00
12
00
72
0D
1A
08
00
00
0D
00
76
12
6B
00
0B
0F
6C
0C
14
00
6F
74
00
6C
00
76
10
00
70
0D
00
00
00
00
00
71
00
00
00
00
00
00
00
00
16
0A
00
00
00
00
00
73
11
14
00
61
66
1F
08
00
0F
00
6E
0D
0A
00
00
00
00
0C
6F
67
00
75
00
00
77
72
00
09
74
11
6A
70
6A
00
0E
00
74
70
08
00
08
71
14
6B
73
00
6B
00
0C
65
14
76
13
00
74
75
73
71
00
15
11
6B
6D
75
11
73
69
64
0A
10
10
1E
75
00
00
00
07
00
16
6D
71
6B
00
00
00
00
00
72
15
00
75
70
6F
00
58
0C
0D
71
00
16
6B
6E
00
00
00
00
11
76
09
72
0B
09
12
16
00
11
75
76
08
00
6A
69
0E
0A
00
6C
00
10
10
00
00
0F
10
63
08
70
00
13
6F
0D
00
00
75
00
12
00
00
11
12
6A
0A
74
00
00
70
09
00
00
00
00
0A
00
17
00
00
14
00
00
00
00
16
08
73
71
00
65
00
1D
63
73
74
00
00
6B
0C
1A
6A
75
00
00
00
00
00
66
00
00
6E
00
75
00
75
00
00
14
1C
00
0F
18
00
72
0C
00
76
00
00
76
00
73
09
73
17
76
00
00
18
00
00
00
15
0B
00
00
13
00
71
17
00
17
6F
00
00
00
6F
00
77
00
12
0B
00
16
00
0F
0F
0A
00
00
00
1A
6E
00
0D
14
00
00
07
75
14
0A
00
00
5D
77
5D
0A
0E
76
6E
0D
72
00
00
75
00
00
0C
00
00
00
00
08
0D
00
76
0E
00
71
76
78
00
0C
08
09
11
15
00
0D
00
10
75
77
0B
70
76
0C
6E
00
74
0C
6A
6D
77
00
78
00
00
00
0C
00
00
09
13
6F
6B
08
74
00
76
00
18
69
00
00
08
00
0E
00
00
00
00

