12
00
00
17
00
00
73
10
0E
00
73
6B
26
0C
77
14
00
70
00
73
73
00
00
13
0D
77
0D
0F
00
08
08
00
6D
6F
5F
6C
6F
71
00
71
71
19
00
0E
76
10
00
00
18
17
71
78
78
64
0A
00
69
09
73
00
00
13
72
09
20
74
71
00
16
17
11
77
00
76
73
00
00
09
33
19
74
0F
00
71
0B
00
6F
00
1D
00
72
74
77
74
1A
10
11
00
21
71
77
14
0E
00
1B
00
75
00
11
00
00
00
0F
08
61
00
00
00
73
68
66
10
0A
1F
0C
25
0C
00
12
75
00
6B
00
15
00
10
71
00
0B
00
69
71
0E
68
73
00
63
00
1B
00
11
00
00
0D
08
00
14
76
00
6F
74
12
11
75
00
70
76
72
72
00
12
0E
00
00
0B
0E
00
69
11
0D
00
00
00
00
00
77
00
49
00
00
0B
0F
09
78
00
67
74
00
00
75
71
00
00
00
08
00
00
0D
72
00
00
6C
78
11
0D
00
00
75
77
00
67
19
00
08
71
67
09
75
00
00
00
0D
74
10
11
00
63
00
6F
70
73
75
12
00
00
09
00
00
0C
74
75
76
00
76
12
77
00
10
78
71
0F
5E
62
00
00
14
76
00
00
0D
0A
0D
19
00
00
00
6F
68
00
0D
16
00
70
00
71
00
13
73
6F
00
00
78
00
00
6F
76
0A
5C
62
6F
72
74
6D
70
62
76
0F
64
00
00
69
00
71
14
00
0B
1A
6E
73
71
68
00
6A
00
08
12
74
00
0D
09
78
00
09
00
08
00
00
00
0F
00
00
77
00
0E
0C
6C
00
00
00
77
00
0F
6E
00
00
1D
00
6D
0C
00
5E
71
0F
69
00
00
73
6F
4E
00
6C
00
6A
00
00
74
00
08
00
00
00
00
75
00
13
00
1B
71
77
6E
71
6A
00
08
00
00
6D
18
6F
09
00
08
75
76
11
00
00
00
6E
6D
09
6E
00
00
00
15
70
00
76
0F
00
00
6D
09
73
00
00
66
18
08
74
77
00
0E
00
71
0C
21
00
6B
70
00
1B
62
77
09
73
71
75
00
00
00
10
74
00
1B
6C
00
77
00
00
0A
6A
00
00
75
17
18
77
00
00
10
0C
00
6D
68
00
66
00
6C
0A
76
00
00
00
00
16
71
6B
13
00
17
6C
00
15
72
00
00
73
00
00
0B
68
00
1A
00
6A
70
00
6D
00
6C
73
70
09
6C
09
00
73
00
69
08
00
6F
00
0C
00
00
00
0F
00
1C
09
00
00
62
08
00
00
20
6A
0C
00
5D
00
00
21
00
73
00
10
00
73
15
00
1A
00
0C
00
00
00
0B
0E
14
00
00
08
6B
5E
00
76
74
67
12
0B
00
61
00
00
6A
00
00
1A
00
69
00
72
00
66
00
08
70
70
00
75
00
09
00
62
0B
00
0E
00
15
00
09
09
00
0D
00
00
74
69
00
00
00
00
11
78
77
10
0D
00

