00
67
6D
6C
00
14
75
00
0A
69
26
1D
1D
26
0C
15
12
00
00
15
00
67
19
00
00
75
00
74
65
6D
0D
00
15
18
11
00
12
0D
0F
00
0D
00
00
0C
00
00
10
0A
00
10
00
00
75
00
62
6E
0F
74
21
6F
10
00
18
00
00
20
56
0C
10
65
71
72
00
0E
00
68
00
74
09
0A
61
00
12
23
60
00
10
71
00
00
00
0B
75
00
00
10
00
74
21
1A
70
00
00
00
14
6B
00
09
66
0F
00
69
00
74
00
14
00
0E
0D
0F
68
15
73
72
13
08
00
0B
08
00
00
00
19
0F
00
6D
6E
6F
00
00
74
6A
00
00
1C
00
0E
6F
0E
6F
20
00
00
10
00
00
13
00
00
61
70
09
00
0D
74
11
0D
11
0C
00
13
71
0C
00
00
00
66
00
00
00
6A
6F
00
0D
00
0A
0C
00
13
00
72
6A
00
00
0D
12
00
09
0B
67
6C
69
67
00
0E
00
73
00
76
76
00
15
00
19
16
77
00
00
70
08
00
00
72
6D
00
15
0D
00
6A
5B
00
72
08
76
09
77
0F
76
00
0D
0C
0A
00
18
0F
66
0A
00
00
15
09
00
00
08
00
68
11
73
0F
00
00
19
00
00
0C
00
00
00
09
75
00
71
10
0E
00
00
6D
1E
67
61
00
66
00
00
0B
68
0B
19
68
77
0A
10
00
71
00
00
00
0C
6D
13
00
76
73
00
72
6C
00
18
1F
00
00
18
00
00
00
00
00
00
00
5F
00
71
00
00
28
09
00
6B
0E
0B
71
6B
68
6A
0E
0D
00
00
74
72
08
0C
74
6B
10
00
00
75
00
0A
00
00
00
00
00
64
00
00
00
00
11
77
75
08
00
0C
00
10
16
00
17
77
14
15
00
10
63
6C
00
74
00
09
76
00
00
0D
00
11
00
71
11
09
73
0A
19
09
0F
00
00
0B
00
00
72
75
11
00
0F
76
77
08
00
00
0E
0E
00
0F
00
00
08
6A
71
00
00
00
15
19
6B
10
73
6B
00
00
00
10
00
10
5C
0E
0D
00
00
00
00
00
00
00
12
00
0A
00
00
0A
00
09
00
67
0F
5E
5A
00
00
00
0D
74
12
00
00
68
00
00
0B
0A
00
77
00
12
00
00
00
6C
0B
00
0D
00
73
12
10
00
00
00
00
18
77
00
00
15
00
5A
00
00
00
0E
20
76
00
00
00
11
5D
00
75
00
1E
00
00
0E
6C
6A
74
00
6F
71
09
00
0C
00
00
00
74
00
74
73
77
70
10
08
00
00
77
74
0C
6A
00
15
0A
00
71
12
69
00
00
61
08
72
5A
5E
6D
5D
09
11
00
0F
6A
75
18
15
00
0A
00
00
00
6F
00
00
00
00
10
00
00
00
16
0A
6E
12
74
70
00
0D
00
00
1E
00
00
76
08
00
0A
6C
70
1A
6D
74
1C
6E
77
6E
00
00
00
70
25
15
08
0C
00
00
00
00
00
0F
00
73
00

