00
0E
75
0B
22
00
73
60
73
00
00
6E
00
00
11
00
6F
00
00
00
77
70
77
75
77
0E
0D
6C
0F
00
00
10
00
72
70
6E
0A
6D
00
00
15
00
0D
00
00
00
0D
08
00
00
00
00
00
00
76
00
20
10
17
70
00
11
12
00
00
00
6C
0A
13
11
63
72
00
00
00
00
6E
00
0B
0E
00
76
00
00
6F
0D
00
13
11
73
6E
00
75
75
0B
00
6E
10
69
00
09
77
00
00
00
00
76
00
0C
00
00
0A
0F
07
0D
0F
10
0D
00
0B
5D
68
60
6D
00
00
00
13
00
00
6F
6F
00
6E
00
00
0E
00
09
00
6E
75
15
00
00
74
10
71
09
00
12
00
1A
70
6E
16
74
00
6A
0E
00
14
0E
00
00
20
00
73
00
00
0A
00
00
00
08
00
74
75
00
70
1C
0B
61
00
12
08
67
17
10
10
6C
00
75
00
00
74
17
00
75
0E
00
00
73
10
75
00
00
72
0E
00
00
76
11
72
10
75
0B
0B
72
00
6D
00
00
0F
00
00
00
00
00
00
14
72
14
00
11
00
00
00
00
00
00
00
00
77
00
76
0C
07
00
00
75
77
00
00
00
11
70
6F
0A
11
00
72
00
74
00
00
0A
09
73
00
0A
77
00
16
0B
00
15
74
25
72
75
6E
71
09
73
6E
73
70
16
6C
00
74
00
70
08
74
00
0D
00
0D
00
0C
00
0B
00
00
67
08
00
00
66
15
00
00
19
6F
6F
00
18
0F
00
07
0A
16
77
73
73
00
73
00
00
10
0D
62
00
0B
76
75
00
72
68
00
67
00
08
77
00
00
12
00
00
00
74
12
00
00
00
70
66
00
00
00
0C
19
0D
00
00
74
00
0A
72
00
1F
00
68
16
00
00
00
11
00
70
19
00
00
00
72
65
75
08
00
00
00
0D
00
00
0A
09
0A
0A
00
63
0D
0E
10
00
72
00
17
00
11
00
70
11
11
00
76
12
00
75
11
12
00
00
00
00
00
00
00
09
00
10
6D
00
00
71
0C
00
72
12
67
07
77
00
0B
11
00
00
70
6E
76
00
00
00
75
00
00
6B
00
72
17
00
00
09
1F
00
14
00
11
00
00
09
0A
0D
72
00
00
0E
0E
6E
00
00
63
65
00
0D
00
00
00
00
6D
21
10
0F
74
08
73
6F
75
00
1A
0D
00
6B
00
00
07
70
00
00
1A
00
77
10
6C
76
64
75
00
00
00
0B
09
10
13
00
00
6F
00
00
0D
0D
00
00
76
00
00
00
0E
09
6B
72
70
00
00
00
6D
00
1C
71
09
6E
75
00
13
0E
00
1F
00
00
00
00
00
00
00
67
75
71
6E
0A
09
14
00
19
00
00
00
00
75
71
10
00
00
2B
00
00
20
19
00
00
00
00
0F
00
00
6D
72
08
09
0E
74
00
1B
00
0B
74
00
00
74
15
00
00
0C
08
09
12
77
0B
00
00
72
70
10

