00
00
00
63
71
76
70
09
00
66
0A
6E
00
6A
00
1F
1D
00
00
1F
00
70
15
00
73
00
13
00
71
00
74
68
00
00
00
00
75
6C
00
74
0F
00
09
16
00
73
0D
6D
73
00
00
00
66
09
77
00
00
00
71
71
11
0A
70
00
65
6D
6D
00
0B
0F
70
00
6D
6F
14
6B
00
00
00
71
13
15
00
09
00
6B
00
00
0E
17
00
00
6F
6C
00
65
53
6F
0B
00
00
00
6E
00
11
5B
63
6F
60
6F
00
18
00
00
00
72
0D
0B
00
00
0A
15
00
00
72
00
00
6F
00
00
10
76
0B
77
00
75
5A
00
6D
22
09
73
76
0C
00
00
14
71
00
00
00
70
09
71
74
1B
09
00
00
00
0E
00
54
00
00
27
23
62
00
69
08
00
00
09
68
08
76
00
0C
00
72
00
0E
00
00
11
6D
6A
00
66
00
54
6C
15
00
00
0C
21
13
00
00
00
00
00
00
0D
0E
00
0D
00
70
6A
6D
67
6F
6E
6E
00
00
00
10
23
09
00
08
6E
09
00
00
6B
62
6E
00
00
00
09
00
77
70
14
6E
73
5D
00
00
00
00
00
61
6F
00
5F
77
00
67
0F
00
00
75
1E
6C
1A
65
72
00
00
71
19
00
1D
0F
00
6E
73
77
00
75
00
65
00
6F
67
0D
74
6A
71
70
72
10
00
00
00
1E
0F
13
15
00
00
14
00
67
00
72
69
00
0A
00
00
00
17
23
00
00
0D
5B
6F
76
12
14
0A
00
00
09
00
00
00
71
00
00
09
75
73
71
27
0D
00
00
73
77
00
6C
77
74
00
1B
00
0D
68
20
00
72
0D
67
6B
62
66
00
00
0E
00
00
00
6A
6F
00
6D
00
66
00
00
74
6A
00
00
75
63
10
00
64
00
00
77
00
00
0D
00
76
00
0D
00
00
00
67
63
70
00
0D
19
1D
00
00
0D
0F
6D
6D
00
11
12
66
00
00
19
12
12
00
6C
0A
00
6E
5A
73
74
00
11
10
00
75
00
69
70
00
74
00
00
6F
00
69
00
00
72
12
61
0F
00
00
1F
60
0D
00
60
00
71
00
76
00
00
00
00
59
77
00
00
6F
00
00
0A
12
09
00
0A
00
1D
00
17
1E
00
71
6C
71
00
75
70
00
00
00
1F
1A
1E
1C
00
74
27
6C
00
69
00
00
73
0D
00
2A
72
00
08
00
00
19
6E
76
00
75
16
0A
14
00
5A
58
6E
00
69
00
15
1F
16
0B
6F
00
66
00
00
63
00
76
61
00
00
00
00
71
00
67
6D
63
66
00
63
69
66
5C
00
0A
00
6D
72
16
00
76
6C
00
00
19
0A
14
00
00
00
6B
00
61
64
00
75
00
00
00
00
6F
00
18
11
76
66
0E
00
12
00
6F
16
00
00
0A
6A
75
76
00
00
00
00
5A
67
0B
0D
77
00
13
00
64
5D
00
55
76
13
76
0B
00
28
0A
6A
18
60
71
1A
0C

