1C
74
12
00
6A
76
6B
00
72
0B
35
08
09
0B
00
00
00
00
6E
00
00
66
74
00
00
00
00
13
00
00
17
69
0B
00
6D
09
00
00
0D
00
12
1A
00
11
77
00
0C
00
6F
00
00
00
00
11
0D
00
11
00
00
12
09
0E
16
65
00
00
71
00
17
68
4F
67
6A
00
00
6D
09
12
12
16
00
0D
00
09
71
00
00
00
73
17
65
00
65
00
09
00
0E
00
00
00
0A
00
00
00
00
00
16
6B
00
00
23
1C
0F
21
00
00
0E
00
0C
0B
11
6F
76
67
60
09
19
0D
0A
00
1E
00
08
00
00
0B
74
68
09
00
00
70
77
00
19
69
00
00
00
6F
72
73
59
00
1A
00
12
00
70
5F
6D
00
00
72
00
08
00
13
00
00
00
72
67
00
00
00
62
00
0A
6F
0F
51
00
51
00
14
70
00
2A
25
72
6E
2A
00
00
00
00
09
76
00
00
11
09
6D
00
00
09
0D
1D
00
15
00
00
00
0D
0E
00
13
00
00
00
00
00
5C
33
11
00
00
74
71
00
08
00
00
11
29
00
14
67
31
00
09
00
1B
75
72
0C
6F
60
48
0B
00
00
00
00
0B
15
1A
76
00
00
00
67
00
00
00
63
70
77
19
74
08
0D
00
00
00
14
6A
72
75
12
76
00
6D
76
12
77
00
00
67
74
6D
00
69
74
00
0E
00
00
00
76
00
10
73
75
0D
00
13
76
00
75
13
00
00
00
00
00
12
00
6F
00
75
00
1D
00
00
00
00
5E
00
67
08
00
00
16
0B
1A
00
09
6F
73
0D
00
71
00
00
00
00
0E
09
11
75
73
00
12
10
00
00
00
64
00
00
0E
00
6D
00
69
00
00
6E
5C
00
13
00
09
26
00
00
00
00
00
00
00
00
0F
16
09
0D
21
19
20
00
13
00
00
17
00
00
6F
00
00
08
0D
74
00
73
00
0A
0B
12
00
00
19
10
00
00
00
00
0D
0A
0F
19
76
76
17
6A
72
00
6A
00
00
0C
10
1A
00
00
00
1E
0A
0D
70
00
00
74
00
00
75
00
76
00
0E
00
0B
73
00
0B
00
00
77
67
71
00
75
12
00
73
10
09
0C
09
6A
00
0D
6D
00
00
64
00
0C
70
77
6B
74
74
00
00
08
75
00
6E
6B
00
09
6B
76
76
00
00
00
00
00
00
00
70
00
73
00
70
65
6C
00
75
0D
76
00
00
00
0D
00
13
00
00
6C
00
00
77
00
00
0A
00
0D
00
65
00
10
00
1D
71
74
74
60
00
00
00
00
00
10
00
6B
71
00
0A
68
14
69
71
1B
0F
09
0D
0D
73
1D
0F
00
00
6F
76
10
77
0E
00
00
0D
00
1D
12
00
0B
00
00
72
6E
00
00
6C
6D
00
12
00
00
17
63
18
72
00
66
77
00
00
74
00
00
73
65
5D
00
0E
61
00
74
08
00
00
72
09
72
68
00
69
6E
70
00

