74
00
76
00
00
00
00
00
00
00
09
72
1B
00
6B
6B
6E
00
00
1C
00
65
76
69
00
00
00
72
00
6F
72
00
00
6F
10
00
70
00
00
0E
0B
00
00
00
1B
74
00
00
15
00
00
0F
77
00
00
11
10
10
00
16
64
13
6F
00
00
0F
00
09
00
00
00
74
00
00
00
00
12
15
75
71
0F
09
00
74
00
75
13
74
00
74
65
73
00
0B
14
77
00
00
71
00
00
08
0A
00
69
00
00
00
1A
6D
09
00
6C
10
09
00
00
74
11
00
73
00
09
1A
76
00
00
75
00
00
00
00
00
6C
00
1C
00
00
00
74
00
00
00
00
00
00
73
0B
09
74
0A
00
0F
00
00
00
0B
00
6C
00
00
00
00
00
64
6F
18
00
68
0D
71
00
00
00
00
67
08
00
00
00
00
00
75
73
00
0A
75
0C
00
0D
00
00
13
13
00
75
74
74
5E
00
13
71
00
0D
18
74
74
00
6D
0B
09
0E
00
0F
00
00
00
00
0C
75
00
00
00
6E
00
6C
00
0A
00
00
70
70
77
77
00
71
0B
16
00
00
11
00
15
0C
00
0F
11
71
00
0A
00
0C
72
72
00
15
00
75
0D
0A
75
12
16
00
15
00
15
71
00
00
76
00
76
19
1D
17
00
00
75
0C
16
00
00
00
00
1E
00
00
67
10
0E
70
00
00
72
68
66
00
6D
76
11
00
00
15
00
00
16
00
0A
6C
00
23
08
76
73
00
0D
00
00
76
1B
00
00
1F
00
76
0E
6C
76
0B
6B
73
00
0A
00
62
0F
73
00
00
00
16
00
0F
00
0F
62
0C
00
09
00
00
00
3B
00
00
00
00
74
00
0D
12
73
70
00
0B
11
65
00
00
0F
00
65
00
73
13
10
72
00
6E
00
00
00
70
12
00
70
00
00
70
6E
73
00
08
00
00
71
10
5E
65
00
6D
71
73
2A
19
00
00
5C
68
15
6E
0E
00
76
00
76
00
00
13
00
00
74
61
15
00
00
00
09
00
6E
00
10
00
00
00
10
0D
0A
00
72
6E
00
62
14
00
09
14
74
09
64
00
00
64
09
16
1B
10
5C
0B
00
00
00
0B
1B
6A
0F
16
08
73
74
0C
14
71
16
00
00
00
6F
13
75
00
0F
00
0D
6E
00
00
00
00
5D
00
5F
17
64
00
00
70
75
00
00
00
0A
6E
09
75
08
11
00
76
6A
74
00
14
14
15
55
00
00
72
76
0E
00
19
69
23
00
09
75
62
00
10
00
12
6F
00
00
0F
00
0C
0F
61
75
74
10
00
00
0D
00
00
74
6D
10
28
11
68
13
0D
00
00
16
00
00
0C
6D
00
6D
62
57
00
13
15
00
17
00
73
6B
00
13
77
00
00
00
70
00
77
62
76
00
70
27
12
00
00
0B
0D
00
76
00
00
70
0D
64
23
77
00
0E
11
13
00
00
00
0B
76
73
00
74
68
00
00
14
00
00

