10
00
00
00
19
0E
00
0C
00
67
2A
70
13
67
00
00
00
10
00
00
00
0F
00
76
73
00
00
0F
76
00
00
6B
00
00
0D
73
0D
6C
00
70
11
00
1C
00
0B
0B
16
0B
69
0F
77
6A
09
00
6B
00
77
00
00
72
0D
13
71
72
6B
00
6B
72
74
71
00
6D
70
00
6B
00
72
00
74
0E
63
6F
00
00
00
67
00
00
76
75
73
72
11
00
0D
16
00
74
00
56
70
21
00
75
09
11
75
00
20
70
00
00
77
73
00
69
0C
0E
0A
13
21
26
00
28
0B
12
00
00
00
72
17
00
00
14
00
00
76
0A
67
00
75
0E
00
00
00
63
09
00
6E
76
00
73
65
00
77
0B
10
0C
0B
74
77
6C
73
00
66
0C
0E
72
00
00
00
6C
00
09
6B
6D
6D
6F
13
00
00
74
6D
73
77
00
00
66
00
00
70
00
61
00
00
77
70
0B
00
0C
09
73
10
00
00
08
00
13
1A
00
00
17
0B
00
74
00
73
11
10
14
00
13
00
12
6C
0C
00
71
00
00
0D
70
19
0D
00
00
6F
00
61
0F
00
00
73
00
27
00
00
69
00
71
00
00
70
70
00
70
09
00
0D
00
6D
0C
77
6E
00
76
00
00
1A
00
1F
10
0D
00
66
00
00
77
66
71
00
6B
00
74
0B
00
00
1A
6B
64
18
76
00
70
00
00
00
00
76
5F
00
00
00
00
12
15
0C
00
00
00
77
00
00
74
12
08
00
00
6F
17
71
5F
0F
72
00
13
5C
00
67
00
72
00
0B
20
00
00
00
16
76
76
0F
1B
10
00
00
00
00
00
0F
00
00
72
70
6E
08
08
00
00
19
00
6E
00
16
76
18
64
09
00
6E
00
00
68
00
00
00
18
0A
1B
6C
67
11
00
0C
10
0E
6B
0A
73
76
66
73
00
00
15
00
76
15
00
74
00
74
20
00
68
00
75
0C
74
00
00
22
09
00
13
72
09
77
73
09
66
65
0A
12
11
14
08
00
0D
75
00
69
00
00
00
00
0F
6E
1B
70
16
00
70
00
00
75
11
00
00
00
6F
00
70
75
15
67
00
00
6A
71
6E
76
08
11
12
00
00
00
0E
69
00
09
10
12
00
0E
73
74
0C
6C
00
0D
74
00
00
15
00
00
0E
00
74
00
08
00
6D
00
0E
60
70
00
13
00
0A
00
00
64
14
70
63
68
72
1C
0E
0A
12
00
69
6C
71
0B
75
73
00
00
1C
09
00
13
66
0C
09
72
74
6F
09
00
00
0B
00
6D
16
76
63
11
6E
61
00
00
00
71
77
00
65
19
00
70
18
0C
0C
12
00
00
00
11
76
72
00
75
00
00
00
71
00
72
00
11
00
00
6E
74
00
00
67
72
00
10
13
08
00
00
00
63
00
6F
73
75
00
00
00
00
64
24
71
6D
6D
00
67
10
10
6F
70
0C
75
00
00
00
73
67
00
00
76
00
73
68

