11
00
00
00
00
26
71
64
73
70
08
6F
11
72
58
00
71
00
00
6B
10
0C
71
71
00
75
00
00
71
75
62
5C
60
63
64
70
00
0E
6C
00
0D
1C
75
10
00
0C
00
00
00
77
17
00
00
0F
00
00
00
00
16
6C
00
64
73
72
5A
16
00
00
16
75
0E
71
00
0D
00
00
00
00
13
00
00
0F
00
00
00
6A
76
00
67
00
69
11
00
00
27
00
1C
0D
66
00
62
15
09
62
72
1C
00
00
6E
1B
74
68
00
00
00
00
00
72
72
68
71
6B
00
00
00
1C
00
00
0D
00
17
00
1E
00
00
10
00
00
00
00
00
0B
16
00
00
73
15
00
77
00
00
00
00
0C
0B
24
00
0F
09
00
70
13
66
00
75
00
11
00
00
61
26
65
0A
00
69
00
00
00
09
00
1C
00
6E
10
00
74
00
74
6F
14
09
71
00
00
0D
00
00
0E
00
00
6C
67
0A
00
00
10
0C
71
00
65
6D
00
75
61
69
00
09
00
00
17
00
21
00
73
74
00
70
00
6D
00
00
70
00
20
00
00
00
77
69
00
6B
00
65
00
1A
0D
09
6C
11
76
00
6E
6B
00
12
00
0B
15
12
0E
00
14
71
00
00
69
64
00
00
00
00
00
13
72
00
00
74
67
74
00
00
64
74
71
74
00
74
00
00
00
14
74
00
00
70
00
00
00
5D
6B
00
6A
00
6F
00
6D
6C
00
12
0E
09
00
72
16
00
76
1F
00
74
00
00
5C
17
00
00
00
00
00
64
00
6F
00
00
22
00
00
0B
77
0B
09
21
22
74
70
0D
23
00
11
27
13
14
6B
00
6B
00
5E
00
66
00
00
68
15
00
1E
12
6B
76
73
00
75
00
00
0F
10
00
19
00
00
08
00
00
73
09
09
00
77
00
00
67
08
00
00
00
00
0E
00
1A
0D
0A
22
00
0F
00
59
00
00
11
0B
00
21
0D
14
00
6F
00
11
00
15
0F
71
00
00
0F
73
0B
75
00
0B
00
00
00
00
34
1A
74
00
6A
21
74
0C
6C
6F
74
00
00
00
00
00
13
00
74
00
0F
14
68
0F
6E
00
00
6C
00
00
00
16
70
0B
0A
00
00
00
00
77
0D
00
77
00
00
66
5E
6C
77
64
00
00
08
00
0F
00
0D
00
72
00
66
00
76
0A
64
00
00
73
15
00
12
00
00
00
0B
00
60
00
0B
0E
11
1A
10
00
74
00
00
0A
61
00
00
08
1D
6A
00
00
1B
12
00
00
00
00
00
08
00
1C
77
27
00
6D
0E
4C
00
68
00
75
76
65
0B
00
0B
00
0C
0F
00
00
71
67
73
00
00
00
00
6D
6B
00
00
72
6A
00
6D
00
0D
00
00
00
00
10
09
75
77
6E
32
00
00
00
12
00
6D
76
6A
72
00
76
61
09
71
00
27
64
0F
0B
18
0D
08
12
00
0C
09
0A
6A
13
00
11
6D
00
0F
00
72
76
00

