00
00
0D
00
00
00
76
00
09
5F
0E
00
0E
11
5B
6C
76
00
00
18
08
00
00
00
70
00
00
08
00
11
71
67
00
6B
6E
74
71
75
00
0C
00
0D
72
08
15
00
69
67
08
00
00
75
68
0F
08
0A
1B
00
0D
13
00
1C
00
00
00
00
00
72
0D
12
0B
77
13
00
76
77
19
6F
09
09
17
11
00
0B
71
70
0B
76
13
08
67
0A
0A
73
1A
75
00
13
00
00
0A
25
00
6B
00
70
00
00
13
00
6B
00
07
76
00
10
0D
68
73
71
5B
6A
0A
09
00
75
00
08
10
00
00
00
6B
70
00
15
0B
00
09
68
00
00
16
6E
73
00
09
17
75
71
72
00
16
00
6E
73
76
00
08
77
13
0C
0B
00
70
61
22
6E
74
00
00
0D
20
0C
6E
00
73
00
0D
72
00
6E
6C
0C
09
00
74
00
00
74
00
69
75
74
00
00
00
0C
74
69
0E
00
11
00
76
00
00
00
00
0F
14
00
75
77
6B
76
00
6F
00
00
6A
73
00
08
00
00
1C
00
00
71
00
72
00
00
6A
1A
00
0F
6A
00
0D
00
1F
00
00
77
76
00
0F
00
00
00
73
00
00
0B
00
74
12
0A
00
00
10
00
00
73
1B
00
11
00
0E
6F
00
0A
14
13
72
70
00
74
08
00
00
73
00
00
0E
00
0B
00
6A
76
71
00
00
71
09
5E
6C
71
0D
00
0A
07
08
00
00
09
00
6B
76
17
73
71
73
1A
18
0A
00
74
10
0E
00
14
75
00
0E
00
00
00
6F
00
00
0C
00
00
00
64
66
00
00
19
00
6F
0A
00
00
13
0D
00
73
77
0A
2D
6E
77
00
00
0B
00
00
17
00
08
0B
00
0C
00
1E
00
00
0A
0F
6C
6F
08
75
6A
00
09
00
00
00
76
00
6C
66
63
00
6D
00
00
00
00
76
15
00
00
74
00
11
6F
00
0E
1B
0F
08
00
6A
74
00
00
00
00
00
0B
00
6F
16
12
00
10
62
00
08
0D
6D
09
00
09
62
00
00
11
6D
00
71
00
00
0B
76
74
0B
73
19
00
00
18
75
00
00
72
00
6A
6A
0E
00
0B
65
63
00
6B
00
00
16
00
09
17
17
00
11
6B
70
00
6F
68
6B
0F
6E
00
16
76
0C
70
00
00
0B
00
14
00
6F
72
76
09
00
74
00
6D
00
00
09
0F
11
00
00
00
6B
10
00
00
67
00
09
13
00
0D
6E
00
74
00
00
0D
72
07
00
0C
17
09
00
6B
00
00
00
00
00
0C
00
15
6D
0C
73
69
00
75
0C
00
74
13
66
00
00
00
00
00
08
0C
0B
00
00
00
19
00
6D
00
71
0E
72
69
6E
74
00
00
77
00
76
00
59
00
00
68
00
64
17
00
00
71
64
00
1A
00
18
00
07
74
09
13
0B
00
76
00
00
00
00
09
0C
60
00
00
00
0F
0F
00
15
76
09
10
00
73
0C
00
28
67
0B

