76
00
16
00
71
00
17
6F
00
09
6F
69
76
00
69
5D
75
71
0A
00
00
00
00
00
73
0B
0B
0D
18
00
00
16
00
00
00
00
6D
00
0C
16
0C
10
72
0D
00
00
6B
00
0B
0B
00
6D
00
00
00
00
13
00
00
09
66
00
00
00
00
00
1A
00
66
00
13
61
00
10
11
00
11
64
19
00
00
00
00
00
00
08
16
10
76
00
00
72
69
00
76
00
72
00
00
0D
00
00
70
74
00
00
6E
71
10
65
00
00
08
00
72
10
0F
70
08
0A
00
00
00
0A
00
70
00
00
0D
76
00
6D
0E
75
73
64
00
1E
00
75
74
72
10
00
00
74
0A
00
00
70
23
00
00
77
00
00
68
00
0C
17
6F
00
00
09
00
00
00
1E
00
08
0D
00
00
6D
0E
6E
0C
73
09
0A
00
00
00
6A
77
19
6C
00
08
00
21
66
00
19
00
60
5B
14
6C
00
16
00
12
00
00
00
09
13
0B
14
1F
6B
00
72
00
6D
6A
00
63
00
00
00
00
5E
72
65
00
00
6B
00
67
00
72
6A
1E
0E
74
00
00
73
72
0C
69
00
00
00
00
0A
00
00
1F
09
6E
72
12
00
73
00
1F
00
1C
70
00
00
00
00
00
0C
6E
00
6D
72
00
08
0E
00
18
00
00
73
00
11
6A
00
00
10
13
66
00
00
00
21
14
1C
2B
1E
0C
17
0F
09
73
00
00
62
00
00
00
6E
15
00
63
00
00
00
6A
00
00
72
71
00
11
73
00
75
00
00
0C
58
11
00
00
00
0F
00
00
00
0E
09
63
08
0E
71
6A
13
18
00
00
00
77
17
14
74
6E
0F
00
00
00
76
0C
0B
73
08
00
00
00
17
18
11
00
76
73
08
0C
62
72
00
6E
00
6A
71
00
00
70
00
00
6B
00
69
69
00
00
70
00
75
00
15
66
18
62
00
00
64
00
6B
0C
65
00
14
00
00
00
00
00
0E
6A
00
6D
17
70
76
00
0A
0C
77
75
00
0B
59
0C
13
71
00
09
00
1B
0C
00
00
0F
67
00
00
00
6C
74
00
00
10
00
61
61
0C
00
76
6D
63
72
0D
00
10
00
70
00
00
77
75
00
00
0C
1D
23
1A
1E
11
00
00
72
1C
74
00
00
0C
14
00
70
0D
0A
09
10
57
00
71
72
72
09
76
73
00
11
00
11
00
08
53
6A
6D
0C
00
19
00
00
0C
10
00
1E
00
5B
00
00
12
00
13
6A
25
00
0C
0E
0F
6B
00
00
09
75
74
15
68
1F
00
00
0F
00
00
00
00
00
65
00
61
72
00
00
69
09
15
73
0A
09
13
21
0F
00
00
1C
0B
00
76
00
00
6A
69
71
00
65
10
66
23
60
68
00
65
08
00
16
75
6C
00
00
0B
73
5E
12
6E
00
00
72
14
00
00
6F
09
00
00
1C
18
15
69
14
0A
6C
76
18
00
00
00
00
00
0E
00
00
5F
09
6F
11

