0C
0A
11
79
00
23
00
00
18
5D
1A
75
09
12
76
17
75
00
17
6F
10
00
78
78
00
6F
6F
00
00
00
64
4D
6D
6D
62
08
00
0A
0B
00
00
77
07
1A
74
07
1C
00
00
1F
77
65
07
00
09
11
09
06
17
00
00
06
78
77
75
1A
11
00
0A
00
71
00
06
00
77
00
69
0C
00
12
00
2C
00
1F
64
75
06
73
6D
12
00
71
00
00
13
73
76
06
07
0B
08
77
00
6D
61
0F
1A
0D
76
07
69
76
00
6D
00
00
76
72
00
76
69
78
68
61
0E
77
00
0B
71
00
6F
77
77
00
07
0C
71
00
0F
11
00
77
72
07
00
19
0F
06
6F
78
00
09
00
00
15
0E
76
0C
75
00
07
00
69
00
6F
00
00
00
78
0C
72
0F
0C
09
71
18
00
76
17
0B
0E
00
07
10
70
00
0A
66
71
74
00
18
06
76
17
17
07
00
6F
00
08
74
76
00
0A
09
13
00
10
77
79
79
08
72
09
6D
00
0F
00
08
1D
07
00
0C
0B
00
74
77
00
0C
00
0E
00
00
65
1B
00
0F
65
07
74
69
76
07
00
10
78
00
08
00
71
07
08
00
00
07
0E
16
66
0C
70
6A
00
00
6E
09
6B
12
74
68
07
00
07
00
14
00
77
64
72
00
66
6A
00
21
0D
69
00
77
6F
1D
00
0D
0A
18
73
77
17
73
07
65
63
00
79
66
71
13
0E
0B
10
00
16
0B
07
00
0D
00
00
68
6E
00
11
76
00
75
11
6F
76
6C
0F
75
73
69
00
07
6D
15
00
68
6D
78
07
00
74
64
07
06
16
6B
08
6B
19
00
00
00
0D
00
00
08
0C
70
00
12
00
07
5F
00
16
00
00
75
72
1A
00
79
12
72
6F
00
18
74
00
12
16
0F
07
00
0B
00
6C
69
77
12
0B
18
0B
69
00
79
6B
00
69
72
72
68
79
70
00
6E
78
71
08
00
0A
6F
08
1A
00
0B
6F
16
69
73
2A
6A
08
00
69
6B
00
00
71
0F
23
08
08
0F
72
00
6B
09
67
70
0C
6E
71
00
67
79
6F
00
00
00
77
6B
78
76
00
0A
6F
00
0A
07
00
72
74
0C
13
15
00
15
0C
0C
09
00
73
00
70
63
71
63
67
06
73
77
0D
13
07
14
00
00
09
78
70
00
76
00
0B
6D
77
71
14
00
12
0A
77
0F
12
08
6A
77
0B
07
6B
16
00
64
67
77
00
76
70
00
0C
74
19
68
00
64
78
0E
5F
6C
72
74
00
78
0F
00
77
00
00
73
00
5F
00
60
1A
00
68
0D
1A
79
00
78
1D
00
10
67
78
15
0A
72
00
00
76
00
66
12
09
0B
00
00
00
0E
00
77
72
00
0A
14
75
6D
00
11
1D
0B
00
78
0D
12
06
10
6A
00
6E
69
74
00
00
09
70
00
78
74
00
74
00
10
6E
00
11
10
6C
00
00
14
75
6C
00
74
08
73
0A
78
00
0E
71
00
00
00
1C
1B
77
24
00
00
00
55
00
06
6D
00
0A
00
70
76
0E
72
0C
6F
00
6E
78
00
6A
69
71
61
6A
67
00
0A
75
0C
19
1A
25
71
0C
0B
74
0A
00
0B
6C
00
20
0B
09
00
08
0E
00
75
09
00
17
6B
1F
00
00
74
6F
00
64
00
0D
61
0C
07
18
0D
0D
00
1C
00
0B
57
5D
72
65
66
00
00
14
13
65
18
1C
00
74
0A
14
00
68
07
69
00
76
6B
00
73
1B
11
00
00
08
6F
65
00
6D
71
0E
00
08
06
07
06
73
06
00
00
00
0E
79
0C
0E
1F
00
77
00
00
0A
25
00
00
74
73
0F
6B
75
77
77
6F
0B
00
76
5D
70
0F
6E
79
78
00
00
64
0E
00
17
15
0A
0E
00
00
07
67
19
00
00
75
00
09
63
0E
06
00
6C
79
0E
79
62
6C
0F
09
0E
00
69
15
79
08
76
0D
18
0C
00
00
09
00
0D
77
00
00
00
00
71
76
79
74
00
10
00
13
00
0A
0D
71
0C
0E
77
08
70
77
6E
6F
6D
6E
73
72
06
0C
0C
0A
64
00
6B
11
00
77
76
1F
15
11
78
06
00
09
00
0E
00
0B
00
00
16
76
0A
00
0F
6D
75
00

