00
00
00
00
00
00
17
78
0C
69
20
15
00
0F
1A
09
0D
14
79
00
13
6C
77
6E
00
61
76
00
70
00
6D
54
00
00
07
1A
1C
17
17
75
69
76
0D
77
5F
00
0E
0D
00
18
61
60
1B
17
0F
00
0E
00
12
00
00
0A
0F
10
07
2B
78
00
73
6F
74
74
72
00
61
1B
00
00
0B
73
00
00
00
21
6F
10
0C
19
6C
79
18
66
00
07
74
74
6B
00
79
14
11
73
11
70
66
06
1F
00
0B
78
57
0E
78
74
06
74
67
6A
6F
5E
08
6E
00
71
00
12
77
00
77
00
78
07
09
0A
16
0A
00
12
0D
07
72
72
6D
78
0F
09
10
15
70
0C
00
00
0D
00
14
72
0F
6D
71
77
78
00
00
11
09
0B
0C
0A
79
6F
00
70
09
71
00
08
79
00
00
10
00
00
6D
00
79
00
00
58
08
00
09
00
07
69
0B
17
06
76
14
08
71
16
74
00
73
76
75
06
69
00
00
6E
64
00
00
00
72
10
00
00
00
0A
07
71
71
00
0A
06
15
72
75
17
00
11
6D
0C
00
74
00
00
6B
00
69
08
16
00
78
0B
76
6D
76
77
76
00
00
79
00
15
08
68
71
00
00
07
6D
0D
5A
73
77
00
00
0F
00
79
00
0C
6D
00
00
74
77
78
6E
22
1D
08
1C
77
6F
0C
0D
72
79
79
73
71
73
0C
77
6F
0B
17
07
0A
6B
6F
00
11
00
0D
75
09
6E
0D
77
00
11
75
5F
00
77
10
12
78
00
00
15
70
74
79
00
0F
00
76
6F
16
10
73
77
13
11
6B
0D
6C
73
15
0E
0F
00
0C
00
75
0D
6E
73
00
0F
00
06
72
0D
77
0A
10
6E
6D
22
00
61
69
67
09
60
70
1D
00
70
06
07
00
0A
12
00
06
6C
75
17
68
6E
6F
75
0F
00
13
06
6C
00
00
00
00
73
75
00
6C
00
79
0A
75
00
73
00
0A
00
6B
00
00
76
21
78
00
68
00
00
00
68
00
6B
00
79
00
00
00
13
68
00
75
71
0C
77
10
06
6D
17
08
00
73
75
00
79
6F
66
72
75
55
13
21
00
00
12
77
00
00
75
55
00
72
6F
00
76
0E
00
00
07
06
00
14
00
08
00
00
0A
77
00
0F
00
00
11
00
00
00
0B
0F
6C
6B
00
00
11
5E
12
15
00
00
0D
67
6E
06
06
00
65
00
00
75
21
76
73
4E
6A
00
55
00
78
72
12
0B
00
00
71
07
00
0D
64
00
00
71
06
00
00
79
00
70
64
00
69
5C
64
68
22
77
5C
77
1A
00
6B
73
14
08
00
00
12
16
00
10
77
00
70
07
18
00
08
71
00
76
00
00
07
00
08
00
00
73
6D
00
00
75
15
13
0D
10
18
73
00
00
6A
00
0C
74
0F
07
72
76
00
0F
00
0F
72
09
75
68
10
68
00
00
0C
00
09
10
08
6D
0C
69
10
6B
0C
15
74
00
77
68
00
07
00
07
77
08
00
00
65
6F
00
0E
69
00
00
79
07
70
00
0A
08
06
13
00
70
15
72
07
75
00
79
75
07
70
00
00
73
78
07
66
20
11
63
00
78
13
00
76
00
12
00
10
0A
0B
10
00
14
00
78
00
06
11
73
79
75
67
71
68
76
62
07
0A
00
00
00
6C
00
63
0E
72
74
00
00
73
06
19
0A
0D
68
00
20
5E
00
0F
00
0A
67
00
63
14
67
6B
13
0A
00
75
77
5D
6C
74
68
00
76
07
72
00
19
00
0D
00
73
06
6E
00
70
6F
74
17
1D
15
63
76
11
0D
24
16
00
00
69
79
00
66
0F
69
0F
00
00
75
00
72
73
07
06
73
00
0F
00
75
07
00
0C
12
72
74
0C
0E
18
78
00
71
0F
77
00
00
00
75
0D
72
0F
00
06
16
00
4C
00
00
00
00
06
1B
13
72
1D
72
77
00
75
06
0D
78
00
70
00
70
77
72
72
16
09
00
08
00
74
14
00
00
06
00
00
0A
12
09
0A
76
70
00
70
65
76
00
24
00
00
0B
60
09
5E
16
16
66
79
24
77
00
6D
15
14
0B
00
00
00
23
10
6C
27
0A
00
75
06
00
79
70

