76
71
0A
00
5D
79
10
00
06
65
76
6F
10
6B
58
17
00
64
00
70
00
13
00
00
78
78
00
07
08
74
07
00
06
00
77
72
78
6E
00
0D
09
0F
13
0E
00
10
67
6C
00
70
09
09
00
07
06
10
00
00
00
73
00
78
74
00
64
00
1D
78
00
69
12
07
00
6C
5F
00
0B
00
00
14
67
15
78
75
78
00
00
74
6C
00
15
00
18
08
18
0A
6E
77
70
77
53
69
76
72
0A
69
71
11
07
0C
71
07
0C
00
0A
09
00
71
00
6C
63
6D
00
72
09
00
75
0D
65
06
13
72
0F
00
09
16
79
0E
00
78
6F
12
6C
6F
12
0B
07
1A
00
0C
74
16
00
69
00
24
00
16
16
6B
79
00
17
10
00
57
78
07
07
00
1E
11
00
70
06
0B
6D
75
78
6B
14
0A
70
00
78
70
1C
00
6D
79
79
1A
65
79
18
09
1B
00
15
06
71
00
00
00
73
77
07
66
72
5C
69
74
00
07
0C
0B
0F
00
13
00
0F
25
00
22
00
72
72
79
00
00
0A
00
1B
20
00
07
00
77
00
00
00
0E
6F
00
1B
76
1A
00
75
76
06
63
77
77
2B
12
10
0A
6E
0D
00
18
5E
73
0A
67
6F
1B
73
06
77
0C
07
66
0A
16
0F
1E
00
77
00
00
63
70
0F
12
00
00
0C
0A
6D
74
15
16
07
08
6F
00
0E
72
61
08
6A
6B
65
72
00
20
0D
1D
09
00
71
07
74
00
00
1E
00
00
00
11
0F
00
00
77
00
6F
73
0B
5B
78
1A
07
17
18
6D
07
5F
71
09
00
75
6C
78
21
0D
72
73
6F
00
78
00
06
00
00
08
00
00
00
00
25
79
72
09
5B
78
6B
79
00
59
76
00
77
76
65
13
18
72
00
6F
76
00
6C
6C
13
00
06
79
70
10
00
73
00
00
07
00
15
12
00
0C
74
13
6A
73
79
25
00
00
19
00
00
5D
17
78
00
71
69
63
6F
00
74
1E
00
6F
00
20
66
08
07
72
6E
10
72
00
0F
77
6C
00
69
20
00
67
76
00
17
00
78
6D
00
0A
67
00
00
00
20
00
00
00
70
00
74
09
66
00
00
51
00
11
06
00
07
77
75
00
72
71
0F
00
71
00
6E
6F
00
00
1A
00
15
07
73
00
17
6F
70
10
0E
00
67
00
70
0B
1C
00
00
71
14
00
10
08
77
1E
63
00
74
00
77
55
72
0A
00
00
07
71
00
00
6E
00
76
00
66
76
00
74
67
09
00
09
00
15
0A
70
12
75
6C
09
63
00
1B
77
74
6D
18
0A
74
00
00
71
00
78
00
76
72
00
00
6C
6B
79
70
72
77
6A
77
00
06
00
0B
00
0F
0C
1C
00
00
77
13
10
6C
10
0D
00
00
00
0C
00
61
12
71
74
00
77
00
0A
16
10
00
71
6E
67
6C
0A
6A
00
0E
6F
15
0B
00
08
0D
00
00
00
72
00
00
00
21
64
69
00
00
6B
76
5E
09
11
79
5F
12
67
60
00
00
0A
00
74
14
0B
07
10
00
11
0E
00
2A
15
11
6C
78
73
76
00
71
0B
0D
00
25
13
0D
0E
00
67
00
78
10
6C
6A
76
00
00
6A
21
00
00
00
26
6E
07
69
79
06
16
0F
00
64
66
0E
00
6D
00
0B
00
00
1D
6E
75
79
6F
00
64
00
5B
69
00
0C
17
00
13
79
00
6F
72
18
78
73
12
08
00
75
71
00
74
6E
0A
09
00
00
00
00
00
14
0B
74
00
0C
78
79
00
78
77
0C
70
67
00
00
00
0C
00
06
00
6D
6F
00
0C
1C
00
00
09
6E
00
0E
71
00
1D
78
00
69
08
76
0B
17
00
0E
09
18
6C
00
1D
66
0F
00
6D
0E
79
1B
00
00
11
00
09
00
0E
0F
74
79
73
00
00
6E
71
72
00
74
65
00
00
6F
64
00
71
65
1F
00
6D
00
1B
17
0C
00
06
09
1E
23
00
00
00
00
6E
00
76
65
0A
0B
0A
16
11
00
76
00
6B
72
63
20
6D
00
00
0B
0D
75
18
70
0C
76
00
0E
79
00
00
07
11
00
00
00
73
00
00
66
6C
07
18
00
1B
79
11
6F
76
00
00
00
00
00

