00
08
00
0D
00
0F
1E
67
64
00
74
1E
19
61
1B
10
75
74
00
74
79
00
00
70
75
6C
6B
06
0E
6D
0C
13
0A
72
6E
70
76
0D
12
66
00
61
75
77
5B
21
6B
78
08
00
69
00
00
15
75
00
0F
12
00
79
00
74
15
75
00
07
70
5F
00
1B
00
75
00
6E
17
75
00
69
08
00
6A
1B
00
0D
00
67
6C
77
16
0D
00
00
00
78
00
00
79
6E
00
00
14
14
13
16
0C
00
58
25
16
72
00
66
62
0E
07
77
0D
00
00
0C
00
6B
0D
00
06
00
0C
72
00
0E
00
00
6F
00
15
00
09
6A
00
1A
09
07
77
6A
12
73
0A
00
00
68
0B
6D
0C
00
60
18
00
14
71
06
0A
6D
71
72
78
00
79
73
78
1D
1C
78
0A
76
0F
00
19
00
77
0F
5D
00
71
00
00
6D
67
00
1E
00
68
00
06
00
1C
08
71
07
62
00
74
09
00
00
00
0A
00
00
71
00
71
72
00
00
74
00
00
08
09
00
79
00
72
00
73
78
00
0F
08
00
00
77
00
00
74
11
00
00
00
06
00
00
0C
00
00
00
71
78
6D
00
00
0A
0C
79
25
59
00
5F
76
0F
00
00
1D
76
77
72
6E
0B
00
55
5E
10
79
78
78
78
73
06
6D
09
23
1A
00
76
09
0F
1D
0C
56
18
16
77
00
00
58
68
00
00
17
0A
65
00
0B
11
78
00
68
00
00
00
00
71
71
77
69
6B
00
00
1C
07
00
76
00
17
69
00
00
76
12
17
0B
77
00
00
06
11
6D
63
0C
11
00
72
00
00
00
72
00
79
78
00
0A
6D
00
78
65
12
66
72
75
15
0A
77
00
68
18
16
12
00
00
19
13
63
0B
2B
79
17
1E
71
5E
25
75
00
70
06
09
00
00
00
08
6D
07
0D
06
00
00
67
00
0D
6C
10
13
0E
11
07
00
0C
14
07
6F
71
0D
00
78
0A
00
72
00
10
00
07
6C
0E
6C
00
07
00
18
69
00
0C
74
73
00
00
00
13
00
13
06
00
0B
00
00
00
0A
00
6E
0A
00
0F
13
0C
00
5D
1B
13
70
00
6E
06
79
07
76
00
12
74
00
1B
77
5B
0D
72
00
00
00
00
00
0F
0C
73
0E
00
6B
00
17
21
00
11
6E
12
00
00
1A
10
00
00
72
20
06
6E
00
07
00
0A
08
00
78
00
75
79
78
00
74
00
08
00
09
00
07
74
07
76
11
00
00
06
00
72
77
0B
00
73
71
09
00
00
00
00
00
00
09
74
00
00
0E
72
00
09
00
79
17
69
0C
60
6F
23
73
00
5C
09
07
0E
68
72
1A
00
19
15
71
79
0F
5A
0E
0F
75
16
31
0D
00
08
69
00
68
0C
1A
00
70
00
07
0C
6E
1A
13
0A
11
0C
00
24
5D
09
1C
08
0F
74
74
10
13
00
79
00
00
06
0D
09
1F
00
6D
19
00
0B
68
1D
70
11
00
79
00
5E
00
0F
72
00
21
07
00
0D
75
0A
00
00
76
0C
70
0B
67
12
09
0C
0E
0D
00
11
61
00
00
20
75
0F
16
75
70
00
0A
0A
1E
00
09
09
00
00
09
0E
71
78
69
00
6B
00
00
00
00
07
00
70
00
22
00
71
00
00
00
73
00
0A
13
78
78
00
0C
00
71
00
00
09
1E
08
70
09
00
00
00
65
6B
00
6C
74
15
10
11
0F
77
78
00
0D
00
00
13
00
00
11
00
69
65
08
00
06
00
6C
77
1D
00
6C
19
00
1F
6D
00
0F
6B
6C
09
68
00
00
73
60
00
07
6E
16
00
79
00
77
63
74
6E
71
00
0C
6B
00
0B
00
12
0C
14
19
00
0E
00
07
74
06
13
56
00
0A
0B
17
14
72
6E
75
75
78
75
78
76
00
5C
15
00
13
18
10
00
0A
71
77
0B
00
00
75
62
68
16
23
1A
0D
00
00
70
1B
00
00
00
72
00
21
00
52
00
74
70
2D
71
00
0D
00
0E
00
00
08
00
00
79
17
00
11
2B
11
00
64
0B
16
58
6F
00
0F
5B
00
00
00
12
00
77
15
67
75
00
6B
07
07
4A
00
17
00
77
00
00
00
68
00
21
21
00
00
73
72
0F
16
12
20
00
00
62
22
75
00
00
00
1A
00
00
0D
79
19
07
00
00
68
72
0A
6F
06
00
72
78
00
00
74
70
6C
76
6F
09
0B
0A
0B
0C
00
00
00
09
78
79
6D
00
13
00
00
1A
00
1A
00
00
70
00
79
00
00
0D
00
07
75
0D
19
00
69
1A
00
61
11
58
57
78
00
72
59
18
75
77
65
15
00
73
12
1C
60
0B
65
00
77
00
00
76
11
00
00
6B
68
00
0A
00
14
72
0D
00
67

