13
00
00
74
6D
73
77
00
00
66
00
00
70
79
61
06
00
77
70
0B
78
0C
09
73
10
00
00
08
78
13
1A
00
00
17
0B
77
74
79
73
11
10
14
00
13
00
12
6C
0C
00
71
78
79
0D
70
19
0D
00
00
6F
00
61
0F
00
00
73
00
27
00
00
69
00
71
08
00
70
70
00
70
09
00
0D
00
6D
0C
77
6E
00
76
00
06
1A
00
1F
10
0D
00
66
00
00
77
66
71
00
6B
00
74
0B
00
00
1A
6B
64
18
76
00
70
00
00
00
00
76
5F
00
00
00
07
12
15
0C
78
00
00
77
00
00
74
12
08
00
00
6F
17
71
5F
0F
72
00
13
5C
00
67
00
72
79
0B
20
00
00
06
16
76
76
0F
1B
10
00
00
00
07
00
0F
00
00
72
70
6E
08
08
00
06
19
00
6E
00
16
76
18
64
09
00
6E
00
00
68
00
07
06
18
0A
1B
6C
67
11
00
0C
10
0E
6B
0A
73
76
66
73
77
00
15
00
76
15
78
74
00
74
20
00
68
00
75
0C
74
79
00
22
09
00
13
72
09
77
73
09
66
65
0A
12
11
14
08
00
0D
75
00
69
78
00
00
00
0F
6E
1B
70
16
00
70
06
00
75
11
07
00
00
6F
00
70
75
15
67
00
07
6A
71
6E
76
08
11
12
00
07
00
0E
69
78
09
10
12
00
0E
73
74
0C
6C
00
0D
74
07
79
15
00
08
0E
78
74
00
08
00
6D
00
0E
60
70
00
13
00
0A
06
00
64
14
70
63
68
72
1C
0E
0A
12
00
69
6C
71
0B
75
73
00
00
1C
09
00
13
66
0C
09
72
74
6F
09
79
00
0B
00
6D
16
76
63
11
6E
61
00
08
00
71
77
00
65
19
06
70
18
0C
0C
12
00
00
00
11
76
72
00
75
00
06
00
71
00
72
00
11
00
00
6E
74
00
00
67
72
00
10
13
08
00
00
00
63
78
6F
73
75
00
00
00
00
64
24
71
6D
6D
00
67
10
10
6F
70
0C
75
00
78
07
73
67
00
00
76
00
73
68
1C
74
12
00
6A
76
6B
00
72
0B
35
08
09
0B
00
00
00
00
6E
00
00
66
74
00
00
00
00
13
00
00
17
69
0B
00
6D
09
00
00
0D
00
12
1A
00
11
77
79
0C
00
6F
00
00
79
00
11
0D
78
11
78
00
12
09
0E
16
65
00
79
71
00
17
68
4F
67
6A
08
07
6D
09
12
12
16
00
0D
00
09
71
00
00
00
73
17
65
79
65
00
09
00
0E
00
06
06
0A
00
00
07
00
06
16
6B
78
00
23
1C
0F
21
07
00
0E
00
0C
0B
11
6F
76
67
60
09
19
0D
0A
00
1E
00
08
00
00
0B
74
68
09
00
00
70
77
77
19
69
00
00
77
6F
72
73
59
00
1A
78
12
00
70
5F
6D
00
00
72
77
08
00
13
00
00
00
72
67
00
00
00
62
00
0A
6F
0F
51
78
51
00
14
70
79
2A
25
72
6E
2A
00
00
77
00
09
76
00
79
11
09
6D
00
00
09
0D
1D
00
15
00
00
00
0D
0E
00
13
00
00
07
08
00
5C
33
11
78
00
74
71
00
08
00
00
11
29
00
14
67
31
00
09
00
1B
75
72
0C
6F
60
48
0B
00
00
00
77
0B
15
1A
76
78
00
00
67
00
00
00
63
70
77
19
74
08
0D
00
00
00
14
6A
72
75
12
76
78
6D
76
12
77
78
00
67
74
6D
00
69
74
78
0E
08
00
00
76
07
10
73
75
0D
00
13
76
00
75
13
77
00
00
78
07
12
07
6F
00
75
00
1D
00
00
00
00
5E
00
67
08
00
07
16
0B
1A
00
09
6F
73
0D
00
71
79
79
07
78
0E
09
11
75
73
00
12
10
07
06
00
64
00
79
0E
00
6D
00
69
78
00
6E
5C
07
13
07
09
26
00
00
00
00
00
06
00
07
0F
16
09
0D
21
19
20
07
13
00
00
17
07
06
6F
00
00
08
0D
74
00
73
00
0A
0B
12
00
77
19
10
00
00
00
00
0D
0A
0F
19
76
76
17
6A
72
00
6A
00
00
0C
10
1A
00
00
00
1E
0A
0D
70
00
00
74
00

