76
77
15
0F
77
00
00
0A
0A
00
0D
00
19
10
00
67
00
0A
00
77
00
69
00
6D
0A
1B
00
00
78
00
77
00
00
00
72
00
64
0B
00
06
08
00
6C
60
77
62
67
70
16
6E
00
76
69
1D
0C
00
0A
78
14
00
62
14
00
00
15
18
0E
00
00
00
0A
6D
00
16
6D
0B
11
00
6D
73
1C
07
0E
00
00
00
0D
00
00
00
5F
0E
6B
00
16
15
0D
00
00
1A
0C
11
71
09
74
18
00
72
1B
15
76
00
07
77
00
09
6F
6F
00
71
6F
00
13
00
00
00
1E
14
77
75
08
79
6E
00
0F
0C
00
00
72
00
00
75
0B
07
09
63
6B
12
16
00
0A
08
75
00
15
00
00
00
62
00
00
0A
79
00
00
00
0D
07
00
13
76
06
00
00
00
75
67
70
78
0C
00
76
00
1F
0B
00
73
77
00
00
78
16
76
73
00
08
0D
00
71
00
0B
00
6F
6E
00
70
78
06
68
00
00
70
00
6D
74
08
10
00
00
00
78
18
77
00
10
73
15
07
00
00
6F
15
00
75
0C
1D
00
69
77
14
0E
18
07
00
12
12
79
17
0D
00
00
00
66
00
0E
00
27
15
00
1C
6E
00
78
72
78
76
08
6F
76
00
09
67
00
0F
1F
14
0B
00
77
00
00
78
78
6D
00
00
0B
00
70
00
0F
77
00
6D
6B
08
00
6C
07
00
0A
70
79
0B
70
0A
1B
00
09
5F
1C
1F
76
65
74
0C
00
19
69
74
0E
00
0D
2D
00
71
00
70
08
0A
08
19
11
16
6F
70
78
69
75
12
00
19
74
00
72
11
6F
76
1D
0E
66
71
00
15
00
0B
1A
69
12
6E
75
21
07
00
15
6F
68
73
07
00
00
00
00
07
70
00
00
0A
13
10
0C
00
09
00
75
1C
76
10
00
00
73
69
06
06
76
13
6E
20
63
6D
08
58
0F
00
1A
29
69
74
00
5E
00
76
77
75
00
00
5F
09
0C
0D
08
09
00
70
20
00
0E
00
19
16
6F
76
17
19
00
74
12
00
18
00
63
6D
13
76
0D
0E
00
22
5F
62
76
72
76
00
72
0A
0E
00
70
00
00
00
15
74
17
00
26
0A
1A
07
00
00
26
0D
16
15
00
00
6D
0B
00
57
6A
00
20
00
0F
76
00
67
69
61
00
1C
64
00
1C
73
71
0E
69
1F
00
62
5D
07
00
00
08
07
00
6B
74
00
1A
00
66
79
1C
10
6F
0E
76
17
00
08
00
0E
76
64
77
00
00
77
00
00
09
71
66
1B
72
00
0A
00
00
6F
00
15
71
09
07
78
17
18
00
65
13
00
6C
00
16
71
74
6C
09
00
08
71
77
73
00
0C
09
26
74
79
55
0C
20
0A
74
6F
14
6A
00
0E
00
76
0C
70
1B
76
77
08
6D
14
00
78
00
00
08
73
00
78
76
65
16
12
1D
00
00
0A
78
00
6D
00
0B
63
6D
00
36
6B
77
0B
00
11
67
00
00
76
1B
69
57
00
00
00
0C
6B
6E
0E
6A
74
00
59
00
15
76
0B
16
08
00
72
00
15
0A
00
08
00
00
6E
00
5D
0C
78
1B
6C
6B
00
00
08
5D
00
12
74
6C
78
6E
78
69
0A
00
6D
14
66
00
71
13
00
0C
00
13
00
17
00
72
26
12
75
6C
18
0B
79
71
08
1B
14
00
5D
00
14
78
1A
0A
71
08
69
61
76
6B
75
73
06
76
78
0E
72
08
72
70
08
0F
71
72
14
11
19
19
00
07
1C
09
00
1A
15
00
77
73
79
74
00
6A
0C
6B
06
61
0E
09
76
16
00
1C
15
73
0F
72
17
00
6B
00
12
6D
07
5C
0A
0F
00
00
00
11
00
75
00
18
66
0C
00
00
00
12
00
18
08
12
0E
00
11
00
6E
1C
77
00
75
0E
13
00
71
76
6B
67
66
57
00
00
00
00
75
08
0D
08
00
00
6F
00
00
20
00
0C
79
00
00
00
12
00
00
79
00
6F
75
76
00
16
00
0F
63
00
00
0C
73
50
0A
12
00
68
5C
00
00
00
00
0D
71
00
5E
18
14
00
09
19
00
00
00
12
06
56
1F
00
78
6C
00
00
2E
08
00
1E
10
73
00
00
20
77
1D

