79
76
13
69
60
0D
06
71
74
1D
17
71
15
00
62
00
17
66
79
00
00
64
75
07
73
0F
71
0F
72
00
0E
00
13
00
1B
00
00
74
71
00
19
10
12
1A
0B
1C
06
74
00
6D
1D
0F
00
08
00
0C
00
1A
75
65
0A
07
6E
78
76
00
76
00
12
00
00
0B
78
00
00
00
2F
00
00
18
71
00
00
64
0E
69
00
79
00
79
00
00
63
71
76
70
09
77
66
0A
6E
00
6A
07
1F
1D
00
00
1F
00
70
15
00
73
08
13
00
71
00
74
68
00
78
00
00
75
6C
00
74
0F
78
09
16
00
73
0D
6D
73
00
00
79
66
09
77
00
00
00
71
71
11
0A
70
00
65
6D
6D
00
0B
0F
70
00
6D
6F
14
6B
00
00
00
71
13
15
00
09
06
6B
06
00
0E
17
79
00
6F
6C
78
65
53
6F
0B
00
00
78
6E
79
11
5B
63
6F
60
6F
00
18
00
00
00
72
0D
0B
78
78
0A
15
00
79
72
00
00
6F
00
07
10
76
0B
77
06
75
5A
00
6D
22
09
73
76
0C
00
00
14
71
00
00
00
70
09
71
74
1B
09
00
00
00
0E
00
54
00
78
27
23
62
00
69
08
78
78
09
68
08
76
78
0C
00
72
00
0E
00
00
11
6D
6A
78
66
06
54
6C
15
08
00
0C
21
13
00
00
78
00
00
78
0D
0E
00
0D
00
70
6A
6D
67
6F
6E
6E
79
00
00
10
23
09
07
08
6E
09
00
00
6B
62
6E
00
07
00
09
00
77
70
14
6E
73
5D
00
00
00
78
07
61
6F
79
5F
77
79
67
0F
00
00
75
1E
6C
1A
65
72
00
00
71
19
00
1D
0F
79
6E
73
77
00
75
77
65
00
6F
67
0D
74
6A
71
70
72
10
00
00
06
1E
0F
13
15
00
00
14
77
67
00
72
69
00
0A
00
08
00
17
23
00
00
0D
5B
6F
76
12
14
0A
00
00
09
00
78
00
71
78
00
09
75
73
71
27
0D
00
06
73
77
00
6C
77
74
00
1B
00
0D
68
20
00
72
0D
67
6B
62
66
00
00
0E
00
00
00
6A
6F
00
6D
00
66
00
00
74
6A
00
00
75
63
10
07
64
07
00
77
00
00
0D
79
76
00
0D
00
00
00
67
63
70
79
0D
19
1D
00
08
0D
0F
6D
6D
00
11
12
66
00
00
19
12
12
78
6C
0A
00
6E
5A
73
74
00
11
10
77
75
00
69
70
00
74
00
00
6F
00
69
00
00
72
12
61
0F
00
00
1F
60
0D
00
60
00
71
78
76
00
00
00
79
59
77
00
00
6F
00
00
0A
12
09
00
0A
00
1D
00
17
1E
00
71
6C
71
00
75
70
00
07
79
1F
1A
1E
1C
00
74
27
6C
00
69
00
00
73
0D
79
2A
72
00
08
00
00
19
6E
76
00
75
16
0A
14
00
5A
58
6E
00
69
00
15
1F
16
0B
6F
00
66
00
79
63
00
76
61
00
07
00
00
71
00
67
6D
63
66
00
63
69
66
5C
00
0A
00
6D
72
16
00
76
6C
00
00
19
0A
14
00
00
00
6B
00
61
64
00
75
00
00
79
00
6F
06
18
11
76
66
0E
00
12
00
6F
16
07
00
0A
6A
75
76
00
00
00
08
5A
67
0B
0D
77
00
13
07
64
5D
00
55
76
13
76
0B
00
28
0A
6A
18
60
71
1A
0C
06
74
77
71
00
14
6F
79
72
63
2E
6E
00
00
60
65
00
09
6B
06
0A
06
13
07
00
00
07
0E
71
00
00
6C
00
71
00
6C
6A
07
6C
1A
75
0E
00
0D
75
1E
15
77
6A
0B
25
66
72
23
0B
08
70
00
00
00
12
00
70
65
69
1B
00
0D
00
74
74
00
71
69
64
70
00
09
06
11
6B
09
6B
00
79
6D
79
00
00
09
6C
17
73
00
00
78
09
00
74
69
6C
00
00
65
77
1F
71
00
23
00
00
00
00
1D
00
15
00
13
00
0C
00
07
76
6D
78
74
00
77
78
00
0C
11
00
00
74
00
75
00
5E
77
73
72
10
00
0F
78
07
00
00
6A
16
00
66
09
00
16
00
1C
6B
72
67
00
75
5E
77
00
0B
1A
1D
71
1B
70
0F
6C
61
6D
60
67

