5C
15
00
13
18
10
00
0A
71
77
0B
00
00
75
62
68
16
23
1A
0D
00
00
70
1B
00
00
00
72
00
21
00
52
00
74
70
2D
71
00
0D
00
0E
00
00
08
00
00
79
17
00
11
2B
11
00
64
0B
16
58
6F
00
0F
5B
00
00
00
12
00
77
15
67
75
00
6B
07
07
4A
00
17
00
77
00
00
00
68
00
21
21
00
00
73
72
0F
16
12
20
00
00
62
22
75
00
00
00
1A
00
00
0D
79
19
07
00
00
68
72
0A
6F
06
00
72
78
00
00
74
70
6C
76
6F
09
0B
0A
0B
0C
00
00
00
09
78
79
6D
00
13
00
00
1A
00
1A
00
00
70
00
79
00
00
0D
00
07
75
0D
19
00
69
1A
00
61
11
58
57
78
00
72
59
18
75
77
65
15
00
73
12
1C
60
0B
65
00
77
00
00
76
11
00
00
6B
68
00
0A
00
14
72
0D
00
67
66
20
6A
00
1D
00
00
6A
76
00
73
11
08
65
00
77
11
17
0D
1A
09
0D
17
17
06
0B
78
65
00
00
62
70
64
68
00
18
74
0C
08
75
00
63
00
00
00
00
70
18
00
00
09
00
74
00
63
00
00
0D
00
08
54
6A
20
00
15
00
66
6D
6F
28
6F
00
00
00
00
76
08
73
00
18
67
13
00
00
07
75
71
73
17
00
00
06
69
0A
12
74
6D
63
00
6A
07
00
0A
0A
00
00
79
00
6C
6F
00
0B
00
6C
0A
09
00
63
10
5C
11
75
78
63
79
77
00
15
00
00
0F
13
6D
00
0E
65
00
00
00
09
00
00
6D
76
6E
0E
08
74
6D
77
6B
00
00
06
62
00
00
09
00
0F
17
70
00
6E
0A
13
6D
72
12
21
0B
6E
72
09
17
00
78
65
75
0C
00
0D
18
00
6D
08
00
00
00
00
76
73
00
78
0A
6F
0B
62
00
0B
0A
61
75
73
1C
58
00
09
00
75
00
00
00
0A
1C
1B
77
00
6D
6F
0D
6C
1A
78
27
00
00
00
67
71
50
75
76
07
00
65
21
25
6C
00
09
15
61
68
70
79
07
00
76
6D
07
00
00
00
17
00
00
00
73
00
00
00
00
00
6E
70
79
09
00
00
78
18
00
6B
11
07
72
00
06
71
11
78
73
0D
15
00
00
00
76
12
0D
79
00
0F
77
00
08
00
0F
79
26
77
1F
17
00
6D
00
1C
0B
74
09
00
74
09
18
00
15
73
00
75
00
6B
6D
6C
00
74
10
0B
00
00
6D
14
72
0A
1A
6E
1D
75
00
0A
08
14
00
00
0B
00
79
6C
78
6F
75
73
11
0D
00
6F
14
0B
77
00
1E
00
76
79
59
6F
76
69
07
6E
00
00
00
69
22
00
00
09
00
00
17
12
00
00
12
66
00
0F
77
21
00
61
6A
77
65
0E
00
6A
0D
00
70
06
0F
00
0E
0C
00
00
00
78
00
74
6F
00
62
00
10
00
00
00
00
00
6E
00
74
6C
08
14
00
6B
76
5C
00
00
6E
00
76
70
0B
00
00
00
19
6F
12
00
00
00
72
76
12
08
11
69
1B
5D
70
62
77
00
00
1A
00
00
76
76
00
1C
00
54
70
00
12
00
6F
00
00
18
00
70
17
0F
6D
06
14
0C
1F
25
55
09
0E
00
16
00
5C
79
00
0E
00
00

