00
10
0F
00
78
0F
00
00
6E
78
73
00
0B
71
00
00
00
00
00
6D
00
71
00
00
69
00
73
08
11
0C
13
00
00
78
00
00
69
00
0D
78
00
73
0A
00
74
06
00
00
00
00
22
68
00
61
63
2B
68
0D
6A
00
06
00
67
78
0D
00
0B
18
78
00
19
65
00
0A
77
00
15
79
06
79
73
6B
71
16
08
0B
5D
79
17
78
62
1A
0D
0F
11
08
70
2A
6F
00
14
09
77
75
00
78
16
62
73
0D
75
1B
1E
00
12
06
6B
78
76
00
78
0B
00
6E
00
77
73
09
00
6F
0D
0B
07
68
73
70
00
0B
0C
74
75
00
74
75
62
08
78
00
0A
00
09
00
76
13
79
12
06
24
1F
69
76
65
09
1A
07
66
77
00
68
0F
16
76
61
6D
00
5F
66
60
12
78
00
6D
14
75
66
0A
6F
6B
17
6C
00
72
6B
14
1F
1D
6F
77
08
6A
70
00
00
00
09
0D
14
5E
65
06
65
00
13
6E
63
0E
71
00
00
69
00
00
75
00
00
6F
72
15
0E
6D
06
00
00
71
55
00
78
07
0F
65
00
6A
07
75
00
00
67
6D
76
00
11
07
00
00
17
73
78
69
0D
00
00
73
1B
00
00
70
78
0D
72
6B
6D
00
00
00
00
72
78
6E
09
70
1C
76
00
00
10
09
00
0B
70
78
0C
00
00
10
00
00
77
00
0F
00
6B
0D
12
12
00
0E
72
09
08
00
00
00
67
00
67
6F
16
10
1B
12
00
76
71
11
6D
00
0B
08
10
0B
0B
70
6E
78
0A
07
76
63
0C
1A
11
78
13
78
0E
72
6C
70
6E
77
07
00
00
00
65
0B
65
00
14
00
11
64
06
00
6D
00
60
0C
65
0F
13
00
67
00
00
6B
72
5D
00
0D
76
66
25
76
00
00
71
6F
00
4C
09
6E
74
15
00
00
6E
74
06
79
75
6D
73
00
11
00
0E
64
67
0A
65
0C
10
62
79
11
6E
69
77
74
10
68
0E
60
00
00
62
0B
09
73
00
00
6B
69
76
6B
00
00
00
00
77
6A
75
71
77
0F
00
77
06
00
72
00
10
1F
62
00
00
0A
0B
09
11
72
00
6E
68
0B
77
74
0D
12
78
06
00
00
00
00
75
77
00
1C
00
0C
12
11
71
59
00
73
16
00
00
0B
71
67
00
00
76
5F
00
0A
07
13
78
6F
0C
00
00
00
6A
6F
00
00
74
00
09
08
13
00
00
08
77
0C
09
0D
00
75
00
74
00
06
6C
07
6F
00
08
10
00
0F
00
00
07
11
6E
74
6C
00
00
00
70
76
00
14
00
18
00
16
65
78
29
6A
5E
60
22
12
74
78
69
00
6E
07
00
1F
66
65
76
61
58
65
10
6F
00
6B
1B
6B
73
0F
76
74
77
68
16
74
6A
0C
12
0B
63
66
24
61
00
00
0C
10
00
08
14
13
00
72
74
00
0B
00
65
00
07
09
06
79
69
00
64
00
6E
72
00
0E
0F
07
0A
00
06
72
63
10
66
00
1C
00
0F
00
1F
00
00
00
6B
00
74
00
18
10
11
6F
00
77
6E
6F
00
0E
08
00
00
78
74
00
78
1E
00
6C
00
0A
00
07
76
00
77
68
77
00
1E
00
08
07
00
0B
11
16
74
75
08
71
00
12
6B
6A
00
12
0D
00

