75
18
0A
68
65
75
77
00
00
00
0F
0A
5A
0A
0E
74
74
70
6E
00
00
00
19
00
72
75
14
10
0C
00
00
08
70
00
00
09
6D
0A
00
71
09
00
00
15
13
00
00
0F
76
76
00
0F
72
00
00
77
6B
6D
00
0D
00
6B
14
00
77
6F
00
6B
00
09
0C
00
00
00
00
0D
00
6F
00
75
6E
00
08
77
77
73
00
71
75
00
0D
00
13
72
00
76
5D
00
76
0A
6D
73
76
6A
00
6B
0F
71
6A
00
0E
75
00
6F
12
00
00
0B
1A
08
00
0B
67
00
0B
6B
72
00
00
0C
0D
00
0B
00
74
77
73
00
76
00
18
76
66
18
00
00
0D
73
00
16
72
6C
0D
0C
00
73
00
00
16
0E
0C
00
11
00
75
75
0C
16
12
72
00
0C
00
76
00
00
00
08
0A
08
0F
00
00
6F
00
00
63
61
0E
00
6A
00
00
00
00
6D
00
12
00
00
70
13
71
6F
00
00
0A
77
6D
69
00
16
00
11
09
00
00
76
0C
07
0F
00
6D
00
00
00
00
00
00
76
08
0F
0B
00
15
14
66
00
6D
10
0D
70
76
0B
12
08
73
00
16
00
00
00
00
00
73
6D
0D
09
0B
11
66
60
00
0D
00
73
0C
75
69
00
75
76
08
13
12
13
11
67
00
12
00
11
11
00
17
00
18
00
6E
00
00
00
00
00
00
6C
75
72
6B
00
6E
00
6E
08
08
0A
00
71
00
09
00
00
09
00
00
68
0E
00
00
12
16
78
71
00
00
0B
00
00
73
0A
0A
00
09
00
0D
00
00
00
00
00
00
71
00
6E
14
00
5E
77
00
71
18
00
68
00
73
00
08
0B
18
00
00
6E
15
6D
6B
09
00
00
62
00
10
00
00
6C
74
70
00
1B
6C
00
00
74
71
00
00
6E
00
00
72
74
74
78
00
77
00
6F
00
6F
00
00
00
15
09
00
00
0E
74
67
00
00
77
75
5D
00
6E
00
00
00
70
72
0B
08
75
00
12
74
12
67
74
00
0E
00
00
00
00
6C
00
76
71
00
78
00
00
6D
0F
00
6F
10
1C
0B
00
65
6A
6F
00
0E
75
1A
00
00
09
0B
67
00
00
77
77
00
1B
70
15
12
00
76
0B
07
67
65
00
61
00
00
00
6A
12
0A
00
77
11
0C
72
78
6E
00
00
0B
0A
68
00
00
75
00
0A
77
00
75
6F
08
00
00
00
75
00
0A
00
76
08
00
08
00
76
0F
00
10
77
00
00
6D
67
07
00
0D
1A
0B
10
00
67
00
00
67
00
76
09
00
5B
00
00
10
00
5C
00
19
00
0A
00
1B
0D
76
00
00
0C
00
75
00
00
0B
18
10
12
11
12
09
00
00
10
6F
0A
08
75
00
77
00
13
00
00
0A
00
10
00
0D
00
11
70
6D
6B
0E
11
0C
75
00
0B
00
0D
00
00
00
00
0B
00
00
13
72
73
62
0D
00
10
0B
66
0C
00
0E
74

