00
00
76
71
6B
14
19
00
00
00
08
6B
00
15
00
00
00
76
1C
77
75
00
00
76
00
77
73
6A
00
00
00
65
77
00
70
00
00
6D
00
00
00
09
00
00
00
00
0A
72
00
1B
09
73
0B
19
74
00
00
00
6D
00
00
00
10
00
00
00
11
6C
00
73
0D
6E
00
0F
0E
00
0C
0F
18
62
73
00
74
70
76
0B
16
00
13
0A
76
71
6B
71
00
0A
6F
00
00
00
00
00
6A
68
67
74
00
00
15
75
00
00
00
00
76
00
00
6D
00
16
10
0B
00
00
00
71
0F
0C
00
00
00
71
00
07
00
6A
75
77
67
6D
75
00
17
6A
0E
1C
76
6B
00
72
0E
0F
00
6C
6F
1A
09
65
12
71
72
00
00
17
77
0F
00
78
0A
72
00
0E
72
0F
71
1B
00
6A
0C
68
68
00
00
19
15
11
00
2A
6F
12
00
10
13
12
0E
00
00
73
09
00
0F
09
00
77
00
73
74
00
0B
6E
11
00
00
09
73
00
00
00
0C
00
71
00
0B
00
00
0C
00
73
00
00
0B
0B
00
09
77
67
11
10
00
00
0F
75
00
11
00
12
00
6D
6F
00
74
00
77
75
0F
00
0B
00
6E
76
08
00
73
6C
00
00
76
76
6D
12
00
6B
6E
13
0A
23
14
00
00
08
70
71
19
00
15
15
76
77
00
00
00
00
72
00
77
00
78
00
6B
00
66
11
00
75
09
00
00
00
74
00
15
73
08
00
00
00
00
00
00
75
00
00
00
00
00
00
00
75
00
77
70
71
6B
6E
00
69
72
6C
00
00
00
00
00
09
14
09
12
00
00
6F
00
76
74
00
00
6A
00
14
76
00
0D
0B
09
00
70
00
00
00
0A
73
10
1C
00
0B
00
72
0E
10
0C
0D
00
75
00
77
00
0A
00
00
00
6D
6F
00
00
0C
00
69
00
73
00
19
00
0F
68
76
0B
10
00
0A
11
00
12
09
00
0F
76
73
0D
0F
15
0C
00
75
00
75
16
00
10
72
00
73
73
00
0E
0C
00
00
00
77
00
6B
68
10
00
0F
21
00
00
17
00
00
00
24
0B
00
75
00
17
69
75
75
00
08
1B
0A
00
00
77
71
73
77
00
00
00
00
70
00
64
14
00
08
13
14
00
0B
0F
0E
00
0A
00
1C
11
00
00
00
11
00
0B
00
1C
10
0B
1D
09
00
09
6E
08
00
6C
09
00
13
00
6B
00
00
00
0E
00
1E
00
0C
09
00
5E
00
0B
00
00
00
0D
78
00
6A
0C
0A
0D
74
12
69
69
73
00
66
76
12
14
5F
00
09
0E
00
00
67
00
00
60
0C
73
07
0B
00
08
71
08
00
10
00
00
0F
70
18
00
00
11
76
16
6F
00
00
70
0D
0A
64
0D
09
00
5F
00
00
00
00
09
72
00
66
6F
71
00
0E
60
00
00
0B
00
12
00
00
0B
00
00
0A
14
00
72
6E
75
09
69
6D
6D
0B
09

