75
00
5F
71
15
67
09
5C
00
17
6C
10
07
70
00
10
00
00
6D
00
1C
00
19
76
18
00
76
00
6D
63
66
00
65
71
79
75
1A
15
74
6E
00
77
6E
74
00
00
0A
0B
79
6C
6F
0B
00
1C
00
70
07
72
00
15
00
00
0C
06
71
12
74
6A
09
0D
56
11
00
78
00
00
77
00
79
0C
0A
11
06
09
70
60
00
72
76
11
09
00
71
70
08
78
00
5A
08
0A
27
0C
17
07
6F
6B
6B
18
16
6C
19
6E
65
1A
1B
00
00
71
08
79
16
72
00
6F
00
00
17
00
00
11
6E
13
66
14
24
70
1B
79
00
1F
14
0D
79
6A
00
75
12
6E
00
6C
6E
00
00
00
6C
0D
08
14
6E
09
13
00
66
78
00
07
00
6D
00
1A
14
6F
08
00
16
0A
00
00
00
06
5D
11
6D
10
00
08
6C
00
12
0B
00
6E
0A
00
00
09
00
00
67
74
64
00
00
00
07
00
0D
00
79
00
6D
00
0B
00
65
00
00
77
79
00
00
00
09
00
00
76
78
00
00
6C
6C
69
77
00
71
00
77
0C
00
6E
00
07
09
00
00
00
76
78
73
74
00
0C
07
08
1E
76
71
61
74
08
00
00
13
76
72
11
00
15
0E
64
5F
15
00
74
00
11
70
00
74
00
23
1A
74
0A
17
14
1A
1C
63
16
11
00
00
00
61
6C
09
00
13
00
00
00
1A
06
6D
0D
00
00
71
00
70
11
10
72
00
0B
00
5B
16
66
00
6A
61
6A
62
6A
68
1E
1C
00
28
06
12
00
75
79
65
72
0C
79
00
68
17
06
72
0B
00
68
00
00
71
00
14
77
73
00
6E
00
6C
17
2B
12
00
62
79
15
00
00
18
0B
10
78
07
17
11
12
00
6C
6F
11
00
0E
79
17
6F
76
00
10
00
00
78
00
19
70
70
6E
00
00
00
1E
0C
00
00
00
00
00
00
75
00
77
78
0A
06
00
1A
11
6E
71
6E
6D
12
75
00
73
00
00
77
12
70
00
71
0A
00
0A
77
70
0A
0B
00
6E
08
75
79
6C
00
00
77
00
00
71
71
6E
1F
77
0D
65
12
76
5B
0C
00
15
06
65
00
06
00
76
0F
6E
70
6E
27
79
1A
18
12
14
69
00
00
1E
6E
1D
17
75
11
1B
00
20
0C
0E
0F
68
70
71
0F
00
72
06
0D
0C
12
12
00
0C
00
00
75
00
79
0A
00
6D
0D
00
00
73
00
00
00
78
07
70
00
00
79
74
08
00
00
77
72
00
00
79
00
11
00
00
11
72
0C
00
75
00
79
74
6E
69
00
68
16
73
00
08
00
6F
59
1B
10
20
6F
72
08
21
07
00
20
06
0E
66
21
0F
0A
25
1B
00
65
08
76
1C
64
20
1C
70
00
0E
00
28
14
00
08
6F
00
69
0C
75
6B
25
00
00
00
00
68
19
19
00
79
00
00
0A
0F
6F
79
00
00
00
22
08
6E
12
6B
12
61
6B
00
77
19
06
21
00
1A
77
6E
0B
68
74
18
69
78
71
00
18
78
19
64
12
16
1C
1D
0C
00
6E
08
0C
6E
12
00
76
6C
74
0F
0A
00
73
78
00
76
6F
00
75
00
76
00
6D
77
78
14
6E
79
00
00
75
00
1C
00
76
00
76
6A
00
00
0B
15
12
6D
12
00
68

