0B
00
00
65
72
00
72
0B
73
72
1C
0E
0B
00
0D
75
00
65
53
00
75
00
08
13
0A
0F
22
19
0F
00
13
0F
00
00
00
00
00
00
00
73
00
0D
11
65
00
64
0E
70
00
00
00
0D
6A
00
09
00
00
67
16
0D
00
00
00
00
00
00
63
00
24
00
6F
18
13
00
67
63
00
17
67
00
00
76
76
00
00
69
70
73
0B
0C
08
00
1A
00
00
0A
10
22
73
5D
71
73
6D
68
71
00
00
74
00
0A
0E
0D
0C
0F
00
73
09
00
6F
00
00
00
0C
00
76
71
00
00
00
00
12
00
00
73
75
1F
74
72
71
09
0C
10
0C
0A
77
6A
71
6C
0D
6A
00
0B
00
0B
00
1D
0D
00
00
00
5F
68
0F
23
75
00
15
1B
66
00
73
13
66
75
00
00
71
6D
09
09
1A
13
75
00
00
6C
00
00
00
00
00
00
73
08
0E
00
71
6F
00
00
76
00
08
00
77
00
76
00
75
17
00
69
6E
6A
6F
76
09
6C
0D
00
1B
1A
66
00
00
0F
0B
63
68
0C
0A
6C
6E
00
00
0D
0F
00
09
0A
00
08
00
66
64
11
00
00
00
13
71
10
75
16
73
0F
10
00
00
00
00
00
75
73
5F
17
00
00
09
57
00
15
69
0C
15
6D
76
70
00
15
11
00
5F
76
69
77
76
00
00
0B
1D
00
00
0B
00
00
76
00
0D
00
00
00
11
15
74
00
72
0B
0B
6E
60
10
6E
75
13
15
71
00
66
00
00
00
00
10
0F
00
72
75
00
20
00
00
00
00
69
00
00
0D
6D
76
69
00
00
00
77
00
64
19
1D
12
00
75
0B
00
00
00
00
71
6B
00
72
61
74
00
68
08
00
00
00
0F
19
00
0F
00
00
00
6D
10
00
00
10
10
10
0B
00
09
00
0C
15
11
00
0E
63
00
11
0A
00
0A
00
70
0F
00
0D
63
00
5D
00
00
71
0F
10
00
00
00
00
1A
74
20
00
00
00
1B
25
00
00
00
1D
61
0B
76
66
66
19
16
0B
00
21
11
14
0C
65
00
00
65
00
76
08
00
0B
00
6C
00
72
00
77
00
00
75
60
0F
00
61
73
6F
6A
6D
00
00
6F
00
00
00
0D
00
71
00
00
00
77
1C
00
68
6B
00
00
6F
00
60
00
00
71
75
74
00
14
00
00
76
6E
15
00
00
76
0E
00
5D
14
00
1B
0A
16
00
00
1A
0E
18
69
00
00
0C
00
0E
00
18
00
16
00
15
6C
6A
0A
00
76
10
73
00
09
74
00
00
6D
0B
00
5C
0F
74
00
62
67
0E
00
75
6D
00
0B
12
10
00
12
00
00
00
0A
74
14
00
0A
00
00
0A
09
00
6B
1B
68
19
00
10
74
00
00
6C
00
15
6E
6B
00
53
69
00
0A
75
70
00
00
12
00
10
0B
00
10
08
77
1E
00
74
28
74
00
00
00
00
73
00
00
10
74
61
68
74
00
6E
18

