00
6C
16
72
00
11
11
00
5D
6C
15
5E
6F
00
00
76
71
5C
0D
00
00
00
17
00
00
00
11
00
00
00
00
00
00
67
72
00
00
00
72
00
63
14
6B
00
00
69
00
72
0E
77
00
00
70
00
77
6D
00
6C
00
00
76
15
6B
00
0D
13
0E
72
00
00
21
5F
00
1D
00
0B
0F
70
0F
00
00
17
00
00
00
6C
00
75
71
00
75
09
69
6D
00
09
00
68
74
2A
77
00
00
17
00
5E
68
6E
75
00
09
00
00
00
00
12
00
12
00
19
0A
0C
70
00
1A
6B
00
00
77
11
19
00
71
1C
77
00
00
00
68
10
67
74
00
6F
73
00
00
68
10
00
6A
00
14
74
00
00
00
74
00
0F
62
0B
00
00
00
76
0E
1B
00
00
12
00
00
6F
0B
0C
77
00
0B
10
11
62
6C
0B
00
67
70
00
14
73
00
72
74
74
00
00
71
08
00
73
00
18
77
0B
00
13
0D
00
0E
71
00
74
00
6B
6C
00
74
0A
00
18
00
00
00
00
0A
00
00
0B
00
1A
74
0B
00
00
0C
00
60
00
00
00
6B
12
61
10
00
09
10
00
11
00
13
0C
00
00
00
00
09
09
19
14
0A
00
6A
00
12
16
60
6A
75
0C
12
00
08
6C
16
00
00
6C
00
0B
0D
11
0E
0C
00
00
71
0E
17
00
00
00
00
6D
0B
00
00
69
75
76
6B
00
73
14
75
71
00
00
00
00
73
10
6F
11
67
00
1F
00
64
00
00
00
00
00
0C
00
0C
6B
00
00
14
0A
00
00
10
0F
08
69
00
12
00
6D
00
19
09
0A
00
6F
00
0C
00
00
00
12
00
00
0F
00
00
73
0A
00
00
1B
73
00
16
00
00
00
71
59
0D
00
69
0F
00
0D
00
00
08
00
13
00
73
00
18
00
00
09
00
00
00
72
64
1B
0E
75
6E
00
00
50
19
73
00
5E
71
0F
08
00
00
6D
70
00
00
00
6E
00
10
72
00
00
0E
0A
21
6E
00
00
75
1A
00
6C
13
10
00
00
00
00
0B
18
72
6A
0F
00
00
00
00
18
6B
0C
12
10
1B
00
6C
18
73
72
00
00
00
77
00
00
14
00
0F
1B
00
14
00
00
6D
75
00
65
65
00
00
74
00
00
6B
6B
00
6E
00
00
00
08
00
1D
00
00
74
00
6C
00
15
74
00
0C
74
00
1B
74
00
00
14
00
00
1B
0B
77
71
00
6A
0D
21
0D
73
14
00
1B
00
00
00
00
00
76
00
0E
00
00
00
00
0C
6A
00
16
0F
17
69
1F
2E
29
00
6D
00
00
00
00
00
0E
00
08
00
00
00
00
13
00
5A
09
00
00
00
00
21
76
00
0B
00
08
00
74
0B
00
00
71
00
00
00
6E
0A
00
09
72
75
00
75
00
72
13
00
70
72
00
68
64
00
1C
71
0C
71
00
00
11
09
6A
0B
08
09
0E
62
00
00
76
17
6C
00
00
74

