00
69
00
6E
00
16
6B
0C
08
71
12
69
00
75
00
0A
74
6E
72
19
00
5D
1B
1C
72
00
00
07
18
00
00
0A
00
00
00
62
73
75
00
00
00
00
5F
00
16
5B
09
68
1A
10
0F
72
6E
09
00
00
1C
00
00
1E
6D
0B
00
00
10
15
6F
69
17
00
00
77
0D
76
00
00
17
1A
00
0A
00
23
00
13
00
00
00
00
08
0A
71
18
00
76
0F
00
00
2E
6B
63
00
77
0E
5C
77
0B
00
00
00
00
6C
64
08
0A
00
74
6D
74
6B
75
5C
6E
09
6E
00
00
73
00
00
00
71
00
00
00
00
00
00
00
10
00
6F
00
00
00
71
00
00
00
00
00
00
00
00
00
0E
18
07
65
00
00
08
00
00
00
00
12
00
2A
00
70
00
07
00
23
0D
0F
6C
00
00
00
17
13
11
00
64
00
00
0C
00
09
0C
00
6B
00
11
00
00
62
00
00
76
6F
73
00
00
00
0D
00
00
0D
6B
00
09
6D
6D
71
08
00
00
0D
0E
11
75
0D
00
00
0F
00
00
00
00
00
6A
00
00
00
08
00
12
00
00
16
73
00
65
0E
76
08
00
0C
00
00
00
00
74
00
12
00
00
00
08
78
73
00
59
0F
00
11
00
00
00
73
76
00
73
75
00
00
58
0D
00
76
77
72
68
73
00
74
00
00
00
76
13
0C
75
00
76
69
6C
74
00
0B
00
00
00
00
19
71
0C
5E
00
17
6E
6E
00
17
10
0F
0F
77
09
0E
76
00
0F
1E
00
6B
00
1B
00
1B
17
00
67
08
00
00
6A
00
00
74
00
00
09
00
70
0D
0B
00
00
65
00
72
61
0F
10
73
10
00
67
1B
00
00
16
00
70
76
1F
00
77
00
0B
62
16
68
00
00
68
0F
71
00
00
73
6D
6B
67
00
6D
76
76
00
00
08
00
16
71
12
65
0B
6E
00
00
5E
16
00
64
16
70
77
0F
73
00
0A
0E
0C
00
0D
6C
0F
00
00
00
00
00
14
74
00
00
00
77
75
10
00
0A
00
0B
00
00
00
10
6F
00
00
12
13
00
1B
00
71
08
16
00
00
0C
15
00
59
00
00
08
00
74
00
6D
6A
76
00
00
0E
72
00
00
00
66
00
00
00
00
00
00
0B
73
74
00
6A
0B
00
0B
0D
09
00
68
08
0D
0D
00
72
00
00
00
6E
00
00
00
00
0D
67
0E
0B
15
6D
10
00
00
00
75
00
00
00
11
11
15
08
10
0A
16
71
74
18
77
0D
6C
11
76
00
0B
00
00
11
60
2E
76
69
00
73
20
73
73
00
6F
00
0D
19
13
00
14
70
00
00
00
00
00
00
00
00
00
76
00
19
00
6F
64
0B
67
08
09
00
00
00
00
14
08
00
6D
6F
74
6B
71
6F
07
72
00
00
00
00
77
00
77
00
75
19
6C
0A
6B
00
16
76
00
00
77
77
58
72
74
00
00
68
0D
70
0D
18
0D

