00
17
70
5A
00
6F
00
23
10
1E
00
0A
0D
00
11
0A
6C
69
67
00
00
00
0B
10
0F
00
00
76
00
00
16
00
00
70
13
6D
0B
00
6A
70
71
00
00
00
0E
75
09
00
6D
70
73
68
1F
1F
70
00
0D
76
00
18
66
00
09
12
66
00
12
75
6D
00
18
66
00
00
09
59
00
0C
0D
74
10
00
13
1C
68
00
00
0B
6F
08
00
69
70
00
6C
00
15
0D
0F
00
65
61
10
00
00
00
1E
0B
00
6F
00
00
0F
00
0E
0E
1C
11
0E
12
65
0C
00
00
0B
0E
22
18
00
19
0C
00
69
00
00
00
00
66
22
00
5E
0C
0C
74
19
67
00
00
0C
73
12
00
0A
17
0D
19
70
08
65
00
00
00
73
66
00
6F
10
11
66
19
76
00
0C
74
00
73
00
15
00
0C
00
0C
00
70
6C
00
00
76
00
00
0C
00
6C
0C
70
5C
5C
15
70
66
00
00
00
17
10
70
00
12
00
00
00
00
00
00
15
00
00
10
60
1E
08
71
66
00
00
00
14
6F
00
6C
00
00
00
00
00
00
08
72
60
08
00
00
10
0B
17
00
13
11
13
6C
00
00
72
00
08
00
1A
00
24
10
00
0F
5F
6B
73
00
26
0E
00
00
00
1D
18
75
0E
00
6D
0B
00
00
00
00
0A
15
6A
00
77
00
73
00
5E
00
6A
6D
08
00
74
00
00
15
00
1B
17
6F
0E
00
08
6E
00
0C
00
73
11
00
00
00
0A
63
00
00
65
00
00
65
09
14
10
70
00
00
00
00
00
62
0B
25
0D
00
08
09
00
66
5E
00
00
00
71
00
10
0E
00
6F
00
77
67
24
75
00
19
00
00
13
10
14
00
08
26
0C
71
00
00
76
14
26
10
00
77
17
71
6E
00
00
09
6A
63
00
75
00
00
0C
0A
0F
00
00
70
76
0A
00
00
66
1D
77
1A
00
77
00
0D
5E
08
00
71
00
00
00
00
22
56
00
10
0A
13
00
74
00
72
58
6A
00
00
00
00
00
0D
1C
08
0A
00
23
00
0E
77
73
22
75
15
10
00
0A
0C
6F
00
09
77
13
75
76
0C
70
6B
00
71
00
0F
0E
72
16
00
73
76
76
00
00
0C
1D
00
0F
67
6A
6A
6D
00
5F
00
6B
00
00
0A
00
0D
00
00
00
67
12
00
00
15
74
76
00
00
00
00
00
69
00
0B
00
00
00
00
00
00
10
0C
1A
64
0D
10
00
00
66
00
10
72
13
00
13
77
76
00
00
00
77
00
00
0A
00
74
6D
75
0B
1B
74
1F
15
68
70
00
75
0E
00
6D
1C
75
00
00
75
74
70
00
00
72
00
71
6B
00
00
0D
0E
0C
0B
00
10
71
13
69
75
00
71
00
00
00
00
00
0B
00
00
00
0D
1A
00
00
00
70
0B
72
11
00
00
76
00
70
11
00
70
00
00
0B
0F
74
74
00
09
76
09
0A
75
09
72
1C
00
6E

