00
00
0E
71
00
00
00
1C
1B
77
24
00
00
00
55
00
00
6D
00
0A
00
70
76
0E
72
0C
6F
00
6E
00
00
6A
69
71
61
6A
67
00
0A
75
0C
19
1A
25
71
0C
0B
74
0A
00
0B
6C
00
20
0B
09
00
08
0E
00
75
09
00
17
6B
1F
00
00
74
6F
00
64
00
0D
61
0C
00
18
0D
0D
00
1C
00
0B
57
5D
72
65
66
00
00
14
13
65
18
1C
00
74
0A
14
00
68
00
69
00
76
6B
00
73
1B
11
00
00
08
6F
65
00
6D
71
0E
00
00
00
00
00
73
00
00
00
00
0E
00
0C
0E
1F
00
00
00
00
0A
25
00
00
74
73
0F
6B
75
77
77
6F
0B
00
76
5D
70
0F
6E
00
00
00
00
64
0E
00
17
15
0A
0E
00
00
00
67
19
00
00
75
00
09
63
0E
00
00
6C
00
0E
00
62
6C
0F
09
0E
00
69
15
00
08
76
0D
18
0C
00
00
09
00
0D
77
00
00
00
00
71
76
00
74
00
10
00
13
00
0A
0D
71
0C
0E
77
08
70
77
6E
6F
6D
6E
73
72
00
0C
0C
0A
64
00
6B
11
00
77
76
1F
15
11
00
00
00
09
00
0E
00
0B
00
00
16
76
0A
00
0F
6D
75
00
09
13
00
6D
00
00
00
66
5E
73
00
09
68
71
0A
00
11
00
00
00
70
6D
0C
00
72
0C
0A
72
19
13
00
19
00
0B
00
00
00
00
00
76
00
6A
09
71
00
5F
0D
00
00
72
16
15
72
6D
15
00
65
00
6C
09
75
1E
00
0A
00
66
00
72
68
75
00
6F
0C
69
75
77
00
0B
6A
0A
00
00
00
72
08
0F
09
13
08
76
00
00
0A
00
1A
00
66
6F
00
00
57
00
00
63
00
00
65
0C
73
00
00
00
5C
71
00
00
74
00
00
73
6D
6F
70
00
00
00
5F
6E
60
10
00
09
1A
0C
24
75
69
00
00
0B
13
00
00
0F
00
00
00
00
6F
0A
6A
11
00
65
72
00
00
00
00
6F
13
00
76
1E
73
00
0A
6A
00
6A
75
09
66
0D
6A
0D
00
00
00
00
0F
00
00
1D
0A
00
70
6E
0F
6C
70
00
58
6F
73
68
00
00
72
68
6C
70
10
00
00
0B
00
00
00
65
00
00
6E
70
09
00
00
15
1A
21
11
1A
00
75
20
68
6C
73
6C
00
00
11
00
13
77
00
00
00
73
00
6C
09
75
6F
00
00
0F
6E
00
6A
67
77
09
00
00
0A
00
00
65
00
00
0C
0C
66
0C
00
62
08
6B
00
00
65
00
0F
6F
66
00
00
65
4F
71
6F
00
00
15
73
00
0A
00
74
00
00
0A
00
00
00
0B
0B
69
00
00
6C
00
00
0E
6E
0A
00
14
75
00
00
75
19
69
00
6C
00
0B
0B
00
12
00
5E
00
00
00
75
0F
00
74
00
0B
13
6B
00
00
08
74
6F
0A
76
00
00
00
0F
08
13
18
6D
00
76
6E
70
6D
73

