00
68
00
00
00
07
71
00
00
75
55
0C
00
0A
18
0F
16
54
70
00
76
16
09
75
00
73
00
75
78
00
00
6E
16
00
00
00
0B
00
00
75
6E
73
73
73
00
00
74
76
71
00
75
6D
0F
19
00
00
10
00
00
71
10
00
73
00
00
00
64
00
19
00
0C
6D
00
00
76
00
11
74
00
00
00
19
0C
6D
00
0B
00
00
00
0B
70
71
00
0C
0D
00
11
00
00
0C
6F
09
14
69
74
16
0F
00
0E
00
00
00
00
00
70
00
69
6F
00
00
0C
00
16
00
00
00
00
0A
00
00
11
09
74
11
6B
00
15
00
00
00
60
00
00
65
00
10
71
00
00
71
09
00
62
00
00
61
08
17
00
00
00
00
00
18
00
6D
00
00
00
77
00
00
0A
74
00
17
00
00
14
00
00
00
0E
10
00
18
0D
66
00
6D
00
00
00
77
0C
00
00
10
08
0E
0D
6E
00
00
00
00
00
00
00
0B
73
76
00
00
00
00
69
1A
15
00
08
00
00
0A
12
76
00
00
69
6E
00
77
0B
11
00
00
08
6E
6D
6D
09
64
00
0B
08
00
0D
16
1B
00
12
09
0C
72
70
71
17
75
00
00
0C
11
76
00
6C
00
00
15
78
09
0A
00
00
0F
13
0A
00
77
19
00
00
10
6A
08
20
63
71
70
0F
00
00
0D
75
00
74
00
00
00
00
75
00
00
77
70
00
6B
6E
17
74
0E
6D
00
00
14
72
10
70
76
6A
00
00
00
00
0B
00
76
73
00
00
00
62
00
00
73
72
73
13
74
00
76
73
00
00
6C
0B
00
11
77
6B
11
21
75
00
00
00
0F
00
00
08
00
6C
00
09
07
00
78
39
71
73
0A
55
1C
00
70
1C
00
0E
72
6A
00
77
09
00
0F
00
00
00
00
00
00
69
0A
1C
10
00
00
00
00
73
15
74
76
0B
00
18
76
0E
00
00
0B
0E
10
0D
08
15
00
00
19
00
00
78
74
00
00
5E
70
00
0E
75
68
0C
00
00
08
73
00
00
00
00
0F
76
00
00
73
6F
11
0B
71
00
0A
0D
00
1D
09
69
66
00
0D
00
6A
00
14
09
00
00
00
00
00
74
10
72
00
74
09
00
00
00
00
0B
00
72
72
00
71
00
00
0B
77
0B
0F
74
0B
00
0C
0D
76
00
00
14
64
0B
0F
00
08
6F
0B
6B
77
78
0D
14
6E
00
00
12
00
09
71
00
13
74
68
73
00
00
0A
00
0C
77
16
00
6F
00
00
00
00
17
0E
73
0B
12
70
75
00
1E
14
77
00
08
0F
5E
63
00
62
00
13
00
70
6A
00
73
6D
76
00
10
00
00
00
00
0E
6F
00
0A
00
69
72
00
1B
00
00
62
68
16
0E
24
13
74
00
11
75
09
73
6B
6E
00
6B
00
00
6A
00
00
00
00
00
76
17
00
68
15
00
00
00
00
0C
00
72
00
71
00
00
00
76
00

