00
00
6D
68
77
00
18
11
72
0B
71
71
00
13
0C
00
0A
09
08
1F
72
00
09
73
6F
6A
14
72
00
07
00
08
00
71
00
00
17
73
11
6E
0D
00
73
08
0F
00
00
0A
11
00
00
0D
00
09
00
0D
00
00
72
6D
00
73
00
73
00
00
00
00
08
71
00
09
6B
00
1C
08
0D
00
00
6C
08
0A
76
00
73
0B
72
00
6F
00
00
72
00
00
0B
77
00
00
00
00
0E
00
08
1A
64
71
00
00
00
00
00
0C
00
08
12
16
76
14
00
00
00
00
71
00
00
00
0D
00
00
00
72
0C
70
0E
72
09
73
09
00
0B
0D
74
10
10
00
6B
13
10
77
00
0F
1C
00
11
0E
75
74
0C
0D
09
00
0C
0B
00
00
00
00
00
00
0C
15
70
0F
64
00
73
71
1A
00
10
72
6D
00
00
0F
16
00
00
0A
19
67
00
0F
6C
00
0C
09
00
14
07
00
14
0F
00
00
0A
10
00
74
00
0B
0D
6C
16
0D
12
08
00
00
71
72
0B
10
00
75
00
74
0E
00
69
00
1F
0C
0A
00
0C
0B
00
00
0D
15
00
77
00
0A
00
00
0F
08
0A
00
00
0D
11
12
00
64
00
16
00
74
75
00
00
0F
64
00
00
0B
00
00
5F
56
00
00
12
57
22
00
0A
66
69
0F
00
00
72
0D
00
76
00
11
6D
0A
00
07
74
70
78
00
0E
6D
00
00
67
00
00
09
00
76
00
00
11
00
67
00
00
6B
09
76
00
00
74
09
00
0D
6D
00
00
09
00
76
00
00
00
71
71
00
73
00
09
00
0C
0C
0C
00
0B
70
00
13
00
0B
70
00
0B
0E
09
00
14
00
00
00
68
00
77
00
77
77
69
73
00
00
00
00
0F
00
00
6E
1B
70
0B
00
0F
70
00
76
0F
77
10
6C
6C
00
00
00
00
0B
6B
15
00
0D
0D
00
00
16
76
0B
0F
00
76
72
0C
00
00
5E
00
00
00
73
77
00
00
08
74
6E
00
16
08
00
0B
00
00
75
00
00
13
15
71
00
00
00
00
6D
0D
6D
00
19
77
66
68
08
08
1C
6E
00
0E
00
1A
00
0A
00
70
69
08
12
72
00
00
6C
0B
72
00
76
07
00
70
75
00
75
6E
18
00
00
00
12
11
10
00
00
00
5A
15
10
73
77
08
00
70
15
00
0A
00
0E
00
00
00
00
00
0E
6D
73
00
00
68
00
00
71
00
00
00
00
6C
00
00
00
5A
77
00
75
00
0B
77
00
00
68
71
73
73
77
6A
6F
11
00
00
6C
00
00
12
74
76
00
11
77
73
0B
0A
15
00
00
70
00
70
77
00
76
00
00
00
0B
0C
00
00
00
0D
00
00
00
00
00
00
1F
07
00
00
0B
11
00
00
0B
1D
77
0C
75
71
77
00
6C
11
00
73
00
00
00
00
6E
6B
66
00
70
00
00
08
00
13
72
00
77
10
08
12
0F
00
1A
00
00

