0C
75
00
6F
77
74
0D
22
72
14
00
09
00
0B
00
00
70
00
76
00
72
00
1E
1B
0F
0F
1D
0F
0C
0B
69
66
0F
00
13
00
08
13
12
6F
15
00
12
77
00
08
17
00
00
1D
00
00
16
11
0E
13
6A
00
0C
17
75
00
10
0E
08
11
00
71
13
0C
0E
00
00
67
00
6A
00
13
1A
72
00
00
12
16
00
0B
10
6A
14
00
6E
00
0C
00
60
08
00
6B
14
00
75
00
0C
6B
00
11
00
0D
00
00
0B
14
74
12
00
6F
00
00
00
00
00
0D
0C
11
73
00
65
6A
00
00
14
6D
00
00
73
70
00
0F
0B
19
6D
74
6E
00
00
12
0B
73
76
65
09
0C
0A
00
0F
00
11
00
00
0B
00
1F
00
00
71
0F
74
00
6A
1D
15
0D
00
71
70
0D
00
68
11
19
0B
00
66
69
12
00
00
00
0F
00
71
00
00
6F
00
76
69
6C
72
00
12
00
00
00
17
00
00
0A
00
00
09
17
0A
13
0C
00
00
00
13
77
0B
18
00
00
00
72
00
71
0A
0F
0D
00
71
00
1C
00
5F
62
0E
00
00
00
00
00
76
6F
00
28
00
6D
00
00
0C
00
11
67
00
00
00
00
12
00
74
74
00
14
73
15
00
00
00
00
0E
00
00
11
6B
00
00
19
65
5D
0F
70
52
72
1A
72
59
00
0B
73
71
6F
71
00
70
61
6A
00
00
17
0F
00
6A
6A
14
56
0D
00
00
00
74
75
6E
15
6F
70
00
54
6C
00
00
00
0A
6C
00
65
0B
75
00
00
75
70
00
10
13
0A
70
26
00
5C
00
15
70
74
6B
33
15
00
6A
66
00
00
77
21
00
70
71
6E
00
64
70
76
6B
16
00
00
00
63
00
75
63
00
00
00
10
00
00
00
1A
00
76
1A
00
00
00
08
1D
00
19
00
00
00
64
74
76
19
6B
6D
0C
69
00
5C
00
22
00
67
00
00
13
00
00
00
74
00
6B
71
1D
18
19
00
10
00
13
71
1E
63
0A
00
00
60
73
11
00
00
00
20
12
6B
00
00
00
00
00
17
6D
00
6A
08
00
00
00
6B
0B
00
6D
10
00
68
00
6A
00
00
6C
62
0A
75
75
00
23
24
16
20
00
19
00
6D
5C
00
00
69
70
76
00
72
09
00
0A
6D
00
00
00
00
00
76
00
00
51
5F
66
67
65
77
00
0C
0A
72
19
60
00
00
13
6E
71
12
00
0A
00
59
00
0F
00
14
00
76
00
00
10
72
62
70
1F
00
74
72
69
00
13
0B
64
17
63
64
14
77
1C
00
16
00
6F
0D
00
00
0A
73
11
21
75
0D
00
74
12
6E
00
00
00
6D
70
73
0A
62
6B
00
0E
00
00
00
0D
00
00
6B
00
14
76
74
75
00
00
00
16
74
69
00
00
00
00
0D
6B
00
00
00
73
70
00
00
00
73
15
6C
6F
00
00
6D
6A
0E
14
0D
6C
00
17
00
0D

