10
65
00
00
72
00
6A
17
63
62
6F
77
00
72
70
72
11
6C
5D
0F
00
00
16
6B
1D
09
16
16
09
20
19
17
0F
00
71
73
76
00
00
00
16
09
00
0D
16
00
14
76
77
6E
00
5B
72
0E
00
19
00
0A
00
00
5B
00
77
00
6D
1A
0B
00
09
66
77
69
00
68
76
6D
08
14
16
1D
70
00
5B
73
62
00
65
75
76
73
00
00
00
00
00
00
6F
67
00
11
0D
00
00
76
00
0F
6F
75
00
69
68
0D
00
00
0A
00
00
00
14
12
00
0F
6E
73
16
00
00
00
11
0F
6E
75
00
00
1B
0A
60
09
00
0A
0A
00
1A
13
00
6B
0B
00
74
00
2D
62
00
00
62
00
6E
00
00
09
00
6A
00
67
00
15
10
0C
0A
6E
00
00
00
00
00
0F
00
73
1B
6D
0A
00
00
00
00
19
76
0E
00
00
75
65
5C
6D
73
5D
00
00
69
00
60
62
00
74
15
08
18
00
0F
08
00
6F
00
74
00
69
5E
68
1E
00
29
0B
0A
00
0B
70
76
00
0A
6C
66
00
00
16
0F
00
00
00
09
1F
00
75
00
13
00
00
1E
00
00
5E
6A
68
66
5B
00
17
12
1A
73
00
77
00
70
69
00
64
60
1A
68
00
00
00
00
6D
00
6C
75
10
0C
23
60
00
17
77
74
00
1B
0E
15
1A
00
20
0F
11
18
00
00
0A
00
12
00
00
73
00
0D
67
00
2A
26
10
00
13
00
13
6D
64
00
00
73
77
00
00
29
75
08
11
00
75
73
75
5F
00
22
00
00
33
00
61
00
00
00
00
5E
00
19
0F
16
73
29
00
27
6B
6E
73
64
00
00
00
00
00
00
10
00
00
00
00
00
6B
75
6A
72
00
00
00
00
00
00
13
6F
00
08
00
67
00
00
00
00
00
72
00
00
75
5F
68
74
00
0E
1A
15
0F
00
16
08
74
00
69
11
0D
6D
5B
75
11
0D
00
00
6C
00
69
11
5D
6F
70
6D
00
00
00
00
00
00
76
75
72
00
00
0F
00
00
0A
00
00
1C
71
10
6E
6C
00
00
18
00
00
72
73
0B
00
66
0E
5C
0D
0A
6F
0F
0B
14
70
11
13
17
00
76
00
75
00
0E
00
00
00
00
00
0B
70
00
00
0A
70
00
0F
00
00
00
09
00
00
00
00
0E
10
00
00
0A
00
09
71
72
00
00
00
5A
00
76
6C
76
17
76
15
1B
00
00
00
00
08
00
00
13
12
73
00
11
10
64
13
63
00
16
00
00
77
0B
77
00
08
15
00
65
72
00
00
00
6F
75
00
09
6A
75
13
00
00
00
00
00
14
0A
00
14
00
77
00
00
0F
0A
00
70
00
00
75
00
72
00
0A
10
0F
73
70
00
0C
19
00
08
00
00
0C
00
00
73
00
00
00
0E
00
6F
0F
71
10
19
00
00
68
00
70
0F
0E
1E
74
00
00
00
11
73
69
0E
00
0C
0D
75

