0C
0B
00
6B
00
6F
00
00
15
00
00
00
71
00
66
6D
6E
00
6E
00
6F
00
09
15
00
18
00
10
00
13
00
0B
00
00
5C
6D
66
00
0E
0E
76
09
61
00
73
6D
72
67
19
00
0D
10
00
00
00
00
17
72
6C
00
00
00
00
00
72
00
00
72
00
23
00
5C
00
17
0F
00
20
76
00
09
09
00
1E
6A
00
00
26
00
65
0F
00
19
62
00
00
00
11
11
0B
0E
0C
0A
76
72
1B
70
0D
00
72
75
00
76
00
0B
74
6D
00
63
00
76
75
74
0B
00
00
00
08
73
76
00
19
00
09
00
00
00
71
13
6F
00
00
74
00
09
00
0D
00
71
0D
00
00
11
00
00
13
00
00
17
00
13
00
0F
0B
0B
00
10
00
00
00
74
00
0A
00
00
00
00
76
00
10
70
00
00
10
71
71
18
52
76
0A
19
13
00
00
75
0A
5C
70
6B
69
00
09
00
00
00
0C
12
00
00
00
15
12
00
00
00
00
62
76
13
74
00
6E
0D
00
5B
00
68
0D
74
00
1E
00
66
00
00
00
75
66
70
00
00
66
14
00
00
72
00
00
11
20
67
22
00
66
76
18
6E
0D
72
22
0C
14
75
00
00
00
00
21
18
0B
00
72
00
5B
00
0D
67
00
17
75
00
00
00
00
68
5E
76
00
71
00
00
00
12
13
00
00
09
09
20
1C
00
00
76
00
72
00
75
0C
70
1D
00
69
77
6E
73
60
00
00
6B
73
71
70
00
70
17
73
74
00
73
13
00
1F
1C
17
1F
74
00
1B
12
74
1A
00
00
5B
1A
0B
11
65
0F
0F
1D
0F
00
69
0A
00
09
00
74
00
00
0E
0B
09
00
00
00
1F
18
26
00
09
15
0F
62
13
00
0C
6F
00
0B
00
00
00
6C
00
76
00
68
66
72
6A
66
6C
00
00
00
00
00
00
11
00
69
00
64
0E
66
0B
0A
64
0D
76
00
0B
0A
0C
00
10
00
74
74
00
00
70
00
00
1B
6D
00
00
00
00
00
0B
00
71
17
76
10
12
00
00
00
00
00
0B
1E
70
0F
5E
00
71
00
00
74
00
12
09
6C
5F
00
00
72
11
19
00
75
29
00
0E
1F
12
00
12
11
00
21
0D
14
6D
00
00
00
00
00
26
6B
1B
52
00
6B
6D
00
55
19
75
76
00
5E
72
00
00
23
6F
00
00
5E
19
0A
13
18
1C
18
71
0C
00
20
4E
00
08
68
6A
18
00
25
00
0F
0D
10
69
68
66
19
6E
00
0D
64
23
72
00
00
00
6E
00
00
09
61
0A
5A
6F
0A
76
76
76
00
76
76
00
00
10
00
13
17
12
00
73
00
00
00
00
5F
00
64
64
0A
6B
1F
65
73
0B
73
1C
00
17
00
6C
13
69
00
00
72
00
73
0C
74
74
0B
75
18
6B
1D
00
73
20
00
00
00
09
2C
56
66
00
00
00
00
0E
00
11
00
00
59
00
00
10

