00
72
00
0F
6D
00
75
13
76
5E
00
5F
0F
00
67
20
00
6D
00
77
1F
71
00
00
00
0B
00
15
00
74
13
66
00
0A
61
00
10
11
00
70
00
77
76
18
00
73
74
00
10
00
00
72
00
00
0D
09
19
08
73
00
77
00
0D
00
6A
00
1A
00
6A
00
00
0F
69
74
00
77
00
75
00
11
69
0B
0A
1B
00
6F
73
00
00
00
00
64
0F
77
71
00
6C
0D
00
74
00
00
23
00
65
00
00
71
69
00
71
00
0C
00
00
0F
00
00
09
73
73
6C
6D
00
00
0A
6D
00
73
0F
0F
00
75
00
0A
0F
73
00
10
1A
0D
6B
0D
00
10
1C
73
00
69
13
70
00
00
00
00
00
0E
74
09
71
00
00
00
0D
71
6C
00
00
75
08
08
08
08
10
00
14
75
00
00
69
69
6E
71
00
0B
1C
24
19
00
00
09
66
75
18
00
12
13
00
09
00
74
66
00
77
00
73
00
00
0E
6C
00
00
6E
16
00
00
00
00
00
6E
70
00
6B
09
00
09
11
6E
72
6E
00
00
74
75
0F
6B
14
00
0C
00
00
00
00
14
74
00
70
0C
0A
08
00
0F
00
00
00
00
77
00
73
00
00
19
73
00
00
10
00
00
00
0A
0A
0C
72
10
74
66
00
71
00
15
00
00
07
74
0E
73
10
71
00
6D
00
00
08
6E
00
0E
0A
6F
00
00
76
11
00
77
00
0D
00
11
00
12
77
10
00
6D
71
00
00
09
12
00
72
72
75
6B
08
6E
13
00
76
77
75
12
6F
6E
00
74
08
73
15
14
0A
08
00
6B
00
00
0E
00
67
0C
66
08
75
68
09
00
76
07
69
6D
00
74
00
00
00
00
07
00
74
18
00
68
15
0C
65
00
00
0A
07
00
08
78
00
00
00
00
08
09
0A
00
00
00
73
76
10
16
0D
15
74
6A
77
62
00
00
00
0C
00
6F
77
1E
0D
0F
71
11
00
16
76
12
69
0D
1E
0A
00
71
12
71
21
00
00
29
68
22
00
6B
1C
75
19
00
6E
00
75
0C
00
74
6C
76
0D
72
72
6D
00
00
00
00
77
28
1A
66
77
09
67
58
00
14
16
6B
6C
6B
10
00
00
0F
00
00
6F
76
0F
00
07
6B
78
71
6D
00
09
70
00
00
0D
00
00
00
00
13
0A
11
00
6D
14
10
08
0E
71
12
00
00
09
0D
75
75
00
65
0B
07
0B
0B
11
69
00
13
00
00
70
00
11
78
00
00
00
0F
00
00
14
6C
00
0A
78
00
1F
10
00
08
71
00
20
00
00
00
15
00
00
21
6E
70
0A
66
10
00
00
76
00
00
75
00
72
6A
00
00
6B
70
70
6C
00
14
00
00
00
0B
0E
11
00
00
00
00
1C
6E
00
00
00
0A
15
70
00
00
00
0B
71
00
00
0B
00
00
6C
0A
00
00
71
00
14
72
68
00
00
71
6F
71
0D
6E
16
08
00
00
13

