16
73
10
0B
6C
00
00
74
00
00
00
00
0B
00
12
00
00
68
00
69
11
00
00
00
00
00
76
09
00
74
00
00
00
00
00
6D
0B
00
00
70
00
6D
75
70
74
12
09
74
08
00
63
00
0F
00
08
75
00
00
69
1A
0B
0F
00
00
0B
1C
00
68
28
73
71
72
14
10
0B
17
0D
00
69
0E
13
23
70
0C
08
73
13
0E
00
20
0B
00
20
65
68
63
17
65
73
0C
00
19
00
0D
13
09
00
19
00
71
00
71
6D
6F
00
68
1F
00
09
0A
00
74
00
0C
00
00
0B
00
00
10
00
61
76
00
70
00
77
75
00
00
18
00
12
70
17
00
68
00
6B
6E
0F
00
0F
68
14
71
0B
00
5C
12
00
15
00
6F
67
00
00
00
00
6A
6F
00
26
6C
0D
11
16
18
75
00
14
0F
60
0B
20
70
00
14
70
2A
0B
00
0C
00
64
71
00
0B
76
00
77
72
00
00
14
74
13
74
73
0B
69
00
09
00
08
17
71
76
6C
00
00
6B
00
63
00
00
76
14
00
67
0F
00
0A
6B
62
68
00
00
73
67
73
72
00
00
00
00
00
00
00
00
0E
00
00
00
0E
6D
1A
0A
6A
76
15
00
74
0A
66
6B
00
00
76
6B
00
00
00
69
12
00
00
12
0E
68
00
6D
00
0B
00
68
72
00
00
0E
64
0A
00
00
08
21
00
00
00
70
0C
71
0E
00
6D
00
0E
00
00
73
71
09
0C
6F
0D
00
69
67
0A
65
00
00
70
69
69
00
5F
0F
00
00
1C
16
0A
00
73
77
00
00
00
71
0B
00
00
00
73
16
00
6C
72
0B
00
00
0B
00
00
00
6E
74
6F
0C
1B
11
00
00
0B
18
00
00
1D
00
00
6A
00
00
00
11
0D
74
6A
10
00
1A
00
0E
00
00
0B
14
00
0B
00
00
17
67
72
6D
0C
00
75
0D
19
00
00
6D
00
68
0C
0F
00
71
0B
00
00
13
17
1B
72
70
67
5C
00
70
0F
65
00
00
0D
00
00
00
76
1E
00
00
00
69
00
09
0A
00
00
16
73
72
68
00
00
6B
74
75
08
76
00
00
72
10
76
09
0D
66
15
6E
76
10
74
60
00
13
69
00
1B
75
70
6A
11
72
61
00
1F
70
00
5F
19
00
76
00
6B
71
00
65
00
69
75
08
19
22
6F
0D
12
00
56
13
00
0F
00
15
76
1D
00
77
00
73
6A
65
56
6B
1A
1A
19
09
00
0D
73
22
69
00
0D
75
00
0D
75
5F
6A
74
00
19
69
66
00
11
13
6F
0F
00
10
68
00
00
75
6D
00
00
0A
00
66
71
75
65
00
18
00
00
00
6F
00
12
72
00
75
16
72
00
13
0A
00
00
00
00
6F
1E
76
17
76
00
00
00
00
00
73
00
17
00
00
00
76
6D
00
72
00
0D
00
15
00
00
00
0A
00
00
00
73
1E
0B
71
0A
00
00
00
09
0D
00
75
73
6D
0C
72
74
15
00
00
0C
00
00
70
0B
11
00
00
00
00
00
00
11
00
00
76
6F
00
00
00
00
00
1A
00
1C
00
00
75
70
28
71
00
60
1F
00
00
6E
72
00
00
71
00
32
69
68
00
61
5F
6E
00
77
1E
00
18
67
00
0E
00
0E
65
6B
1C
70
5E
10
00
00
00
59
2F
73

