00
00
00
00
00
00
17
00
0C
69
20
15
00
0F
1A
09
0D
14
00
00
13
6C
00
6E
00
61
76
00
70
00
6D
54
00
00
00
1A
1C
17
17
75
69
76
0D
77
5F
00
0E
0D
00
18
61
60
1B
17
0F
00
0E
00
12
00
00
0A
0F
10
00
2B
00
00
73
6F
74
74
72
00
61
1B
00
00
0B
73
00
00
00
21
6F
10
0C
19
6C
00
18
66
00
00
74
74
6B
00
00
14
11
73
11
70
66
00
1F
00
0B
00
57
0E
00
74
00
74
67
6A
6F
5E
08
6E
00
71
00
12
00
00
77
00
00
00
09
0A
16
0A
00
12
0D
00
72
72
6D
00
0F
09
10
15
70
0C
00
00
0D
00
14
72
0F
6D
71
77
00
00
00
11
09
0B
0C
0A
00
6F
00
70
09
71
00
08
00
00
00
10
00
00
6D
00
00
00
00
58
08
00
09
00
00
69
0B
17
00
76
14
00
71
16
74
00
73
76
75
00
69
00
00
6E
64
00
00
00
72
10
00
00
00
0A
00
71
71
00
0A
00
15
72
75
17
00
11
6D
0C
00
74
00
00
6B
00
69
08
16
00
00
0B
76
6D
76
77
76
00
00
00
00
15
00
68
71
00
00
00
6D
0D
5A
73
77
00
00
0F
00
00
00
0C
6D
00
00
74
77
00
6E
22
1D
08
1C
77
6F
0C
0D
72
00
00
73
71
73
0C
77
6F
0B
17
00
0A
6B
6F
00
11
00
0D
75
09
6E
0D
77
00
11
75
5F
00
77
10
12
00
00
00
15
70
74
00
00
0F
00
76
6F
16
10
73
77
13
11
6B
0D
6C
73
15
0E
0F
00
0C
00
75
0D
6E
73
00
0F
00
00
72
0D
77
0A
10
6E
6D
22
00
61
69
67
09
60
70
1D
00
70
00
00
00
0A
12
00
00
6C
75
17
68
6E
6F
75
0F
00
13
00
6C
00
00
00
00
73
75
00
6C
00
00
0A
75
00
73
00
0A
00
6B
00
00
76
21
00
00
68
00
00
00
68
00
6B
00
00
00
00
00
13
68
00
75
71
0C
00
10
00
6D
17
08
00
73
75
00
00
6F
66
72
75
55
13
21
00
00
12
77
00
00
75
55
00
72
6F
00
76
0E
00
00
00
00
00
14
00
08
00
00
0A
77
00
0F
00
00
11
00
00
00
0B
0F
6C
6B
00
00
11
5E
12
15
00
00
0D
67
6E
00
00
00
65
00
00
75
21
76
73
4E
6A
00
55
00
00
72
12
0B
00
00
71
00
00
0D
64
00
00
71
00
00
00
00
00
70
64
00
69
5C
64
68
22
77
5C
77
1A
00
6B
73
14
08
00
00
12
16
00
10
00
00
70
00
18
00
08
71
00
76
00
00
00
00
00
00
00
73
6D
00
00
75
15
13
0D
10
18
73
00
00
6A
00
0C
74
0F
00
72
76
00
0F
00
0F
72
09
75
68
10
68
00
00
0C
00
09
10
08
6D
0C
69
10
6B
0C

