15
74
00
77
68
00
00
00
00
77
00
00
00
65
6F
00
0E
69
00
00
00
00
70
00
0A
08
00
13
00
70
15
72
00
75
00
00
75
00
70
00
00
73
00
00
66
20
11
63
00
00
13
00
76
00
12
00
10
0A
0B
10
00
14
00
00
00
00
11
73
00
75
67
71
68
76
62
00
0A
00
00
00
6C
00
63
0E
72
74
00
00
73
00
19
0A
0D
68
00
20
5E
00
0F
00
0A
67
00
63
14
67
6B
13
0A
00
75
00
5D
6C
74
68
00
76
00
72
00
19
00
0D
00
73
00
6E
00
70
6F
74
17
1D
15
63
76
11
0D
24
16
00
00
69
00
00
66
0F
69
0F
00
00
75
00
72
73
00
00
73
00
0F
00
75
00
00
0C
12
72
74
0C
0E
18
00
00
71
0F
00
00
00
00
75
0D
72
0F
00
00
16
00
4C
00
00
00
00
00
1B
13
72
1D
72
77
00
75
00
0D
00
00
70
00
70
77
72
72
16
09
00
08
00
74
14
00
00
00
00
00
0A
12
09
0A
76
70
00
70
65
76
00
24
00
00
0B
60
09
5E
16
16
66
00
24
77
00
6D
15
14
0B
00
00
00
23
10
6C
27
0A
00
75
00
00
00
70
00
10
00
00
00
60
00
6C
72
00
00
00
69
09
00
00
14
73
73
17
00
00
10
09
16
72
77
15
0A
00
15
10
1D
08
18
0F
6E
00
00
00
0E
11
00
00
00
6D
00
1E
00
00
6A
00
60
00
75
71
00
0B
67
76
76
17
00
70
77
00
6B
11
00
00
74
00
00
1A
00
11
08
00
00
00
00
6E
0D
6D
14
14
6E
00
00
08
00
0A
00
00
0F
00
09
00
00
6A
00
29
1D
70
14
00
6E
77
00
65
68
14
71
00
00
00
00
70
72
69
00
24
12
00
00
00
00
74
6F
0F
00
0D
14
00
16
00
73
00
0E
21
1B
6C
00
17
00
0B
6D
0C
60
00
00
00
70
58
0F
00
00
73
00
00
0A
67
68
0D
00
00
00
64
0F
6E
08
00
00
74
67
12
00
00
0D
64
00
70
00
20
16
26
0F
1E
11
17
21
75
71
1D
00
09
11
17
76
6E
74
68
00
6A
75
67
00
00
6D
23
00
0A
18
00
12
00
72
00
28
0A
1B
00
16
15
14
6C
75
69
6F
00
00
6F
0E
00
6A
00
74
71
67
15
6F
5A
00
00
00
0B
00
75
00
6F
76
00
00
71
00
24
0B
0B
5D
20
77
15
00
66
66
00
6C
00
6A
00
76
1A
0D
00
2B
00
00
0E
0B
0B
10
0E
6C
00
0A
00
0D
76
6E
72
74
0A
00
74
00
73
00
64
14
23
0A
1C
15
00
0E
76
13
00
00
00
00
69
0F
00
76
76
00
00
00
00
00
19
73
69
0D
11
15
00
18
67
74
18
00
00
63
13
76
66
00
6F
00
60
00
0B
72
00
0A
67
75
6F
73
65
72
0D
09
00

