00
64
0D
00
09
08
00
00
75
68
07
74
00
0E
0B
00
00
00
00
0A
0D
08
07
77
0A
76
00
78
73
11
6F
5F
00
5D
6C
09
00
06
08
00
00
0D
79
12
6D
00
1F
75
77
19
76
76
13
12
00
25
18
00
0E
07
70
00
00
74
67
31
08
71
23
6E
6B
63
07
0E
00
00
00
0C
26
16
78
10
00
14
58
6A
06
00
62
00
11
00
73
00
00
75
00
71
0B
20
00
68
06
71
76
00
0F
00
00
70
70
6E
78
07
08
13
00
6E
0B
6F
70
75
61
00
09
00
08
08
6E
06
15
0A
00
78
00
00
66
00
71
19
71
00
00
6E
12
09
0D
06
07
16
00
00
6A
00
09
79
06
11
00
74
00
63
6B
0E
6A
00
15
0D
00
73
10
13
06
6D
74
79
0E
0B
6F
72
00
71
00
12
0D
00
75
4C
14
76
00
0B
68
0F
1B
00
14
0B
07
07
00
79
12
00
00
00
08
00
00
00
00
00
73
73
00
08
0E
0B
73
6C
00
1E
6E
0B
00
64
71
00
00
16
6F
1E
00
72
6E
00
72
70
74
00
6D
6E
6E
00
18
00
00
00
71
0E
70
70
76
78
6C
76
00
10
00
00
00
70
10
79
07
00
00
00
09
00
06
78
78
73
12
16
6C
00
76
00
00
6E
00
10
0B
69
11
00
75
10
6C
12
0A
74
0A
6D
00
00
00
6D
00
75
72
08
78
07
0E
06
16
00
78
11
00
18
13
6B
00
00
6D
00
08
00
12
10
0D
00
00
74
00
0E
00
72
22
00
00
79
12
09
00
00
07
63
71
69
79
00
0B
00
00
6D
08
5B
71
07
09
6B
07
00
00
6D
65
00
72
00
75
77
23
00
70
62
71
0F
6D
68
0F
6E
6C
00
00
0B
11
17
07
0B
00
75
09
6A
58
72
5D
0C
06
09
70
75
00
00
6C
0A
06
00
78
60
79
00
00
00
0E
6F
08
0C
0C
00
0A
00
0C
24
09
00
6B
10
26
65
6C
78
6D
00
00
6B
71
19
09
00
00
10
6E
73
00
73
6C
00
0E
66
08
00
6A
00
71
00
10
00
00
5C
0A
22
6C
18
00
00
00
6A
68
60
00
0D
00
09
00
11
0E
11
73
6A
13
6D
0B
00
71
6A
69
78
6D
79
07
08
0A
78
1A
00
00
74
67
69
00
16
00
73
00
12
00
00
00
13
67
00
00
72
67
08
0A
6A
0E
00
65
6D
6A
71
6D
74
6D
00
14
6A
14
71
70
6F
78
73
79
15
08
00
0A
69
00
00
19
68
67
14
00
6D
54
68
00
00
00
6D
76
76
64
0A
00
00
78
77
0F
0C
0B
00
69
6F
00
00
77
00
09
74
00
00
00
71
00
10
00
12
00
00
79
5C
75
0B
0A
00
00
00
15
77
00
08
00
6E
00
64
08
00
6A
00
09
11
00
00
12
0E
00
00
0B
70
00
00
60
00
00
00
74
74
23
62
0D
75
00
73
6F
78
00
6A
00
0A
76
11
6A
0D
00
00
6E
5D
09
1D
75
00
08
0C
07
00
72
77
74
71
0C
68
6F
00
71
5D
6D
73
00
09
6F
75
74
00
0B
73
1F
71
09
07
72
00
6D
0B
71
10
00
08
17
0D
6A
00
0F
79
18
00
16
5C
00
00
77
0A
5C
00
61
00
6A
71
00
00
00
0C
0E
00
00
65
18
54
73
07
06
63
00
00
0C
13
00
79
16
56
76
0A
77
62
67
00
00
00
6C
5B
12
00
0E
08
0E
66
09
69
00
79
14
75
15
78
00
76
00
73
00
00
6C
6C
0E
6B
00
09
12
17
73
5F
00
00
11
28
6E
0C
00
00
00
0B
79
69
00
00
77
09
6D
6E
0D
00
6F
6B
08
06
77
5B
00
73
29
21
64
00
00
0F
00
67
12
71
19
0D
00
73
77
1A
00
75
08
76
00
00
6F
4E
00
2A
00
68
0B
1A
00
00
00
08
78
79
00
0D
75
00
00
00
00
6F
00
00
00
07
11
73
00
0E
16
15
12
79
07
09
06
00
6E
09
0A
64
00
00
09
00
12
77
00
11
0E
00
64
6E
73
00
14
0D
06
15
00
0E
76
06
00
0A
10
0F
76
1B
75
07
26
00
00
61
78
6E
6A
73

