0A
0F
0C
08
00
06
10
0C
6E
0F
00
00
00
06
69
78
00
79
00
15
72
6A
00
00
00
00
72
0F
0E
00
75
00
78
00
0E
75
67
64
73
68
16
77
0F
1C
1E
24
71
73
73
00
11
1B
6A
0D
0D
00
0C
76
6B
66
00
00
0E
00
69
6E
0A
72
0F
65
0C
0B
00
74
11
00
1D
00
00
15
73
77
73
63
19
5F
75
00
00
75
09
00
6A
09
73
00
00
61
70
72
00
0C
6E
76
0B
0E
68
6C
06
70
00
19
72
00
18
00
00
00
00
13
00
76
00
79
00
66
00
61
0F
77
11
00
0E
0A
00
08
62
79
00
15
09
66
00
00
0A
00
0F
71
71
0F
76
70
00
74
70
00
00
67
11
00
00
06
61
00
00
00
1C
6F
00
00
11
00
68
1F
64
00
00
70
0E
00
0E
00
6D
00
6E
5F
00
1C
65
14
08
77
63
11
78
73
71
6E
0B
07
0B
78
0C
00
00
0E
06
08
71
10
00
70
00
10
00
00
70
08
00
09
75
09
0A
14
72
68
6C
70
00
17
68
00
0A
00
00
75
64
77
00
79
6A
0A
00
71
19
13
73
68
00
0E
6D
57
00
66
0C
00
70
10
63
6C
69
6B
00
00
00
74
6F
06
77
00
79
0D
72
09
2A
76
44
1D
6E
00
59
6D
1F
00
75
00
73
00
0C
00
63
79
0D
13
00
00
00
00
00
69
6D
5F
6B
62
0C
00
72
12
17
77
19
07
14
00
6D
00
00
00
00
09
75
75
1A
70
00
75
1C
00
00
00
00
00
79
17
00
71
09
00
70
75
78
09
76
74
09
6C
06
6B
18
0C
0C
75
77
08
00
00
1F
6A
00
76
07
08
5E
6D
00
5F
6D
00
69
00
53
74
19
00
00
00
0A
0C
00
00
10
1A
09
00
11
00
73
00
00
5B
64
77
6F
0C
0D
06
00
1C
11
07
00
00
11
70
65
07
08
73
00
6F
0D
11
77
00
00
73
00
00
00
00
6C
78
2C
11
00
0F
00
08
09
06
00
00
00
0E
06
00
78
0C
78
00
6F
00
78
6C
60
0B
6F
10
00
73
0D
0B
1E
68
6C
00
00
1B
09
76
78
6F
00
73
00
0A
0C
70
75
0B
00
0C
00
79
78
6B
73
00
17
78
70
00
72
60
00
00
08
00
00
1E
00
77
78
68
00
18
00
6C
77
71
00
10
10
08
73
77
62
00
67
71
08
17
0C
10
11
00
71
70
65
06
64
00
13
00
79
77
15
00
00
00
77
00
6E
74
0D
0C
11
6A
5C
0F
00
00
70
00
00
69
14
61
6B
13
00
4A
78
0D
67
76
07
6E
00
00
70
0A
00
00
00
00
79
68
0C
00
79
00
00
06
00
0C
16
09
00
6B
00
71
00
67
71
69
74
0E
1C
10
00
71
08
10
76
15
00
00
00
79
00
00
00
78
06
76
6F
76
00
69
0E
16
00
10
6C
00
62
00
00
00
74
06
54
00
09
1F
00
76
00
00
0C
60
54
13
77
71
6C
59
00
1C
00
74
75
6E
18
11
00
6D
0D
14
18
1B
0D
11
00
75
5B
66
70
78
09
6D
79
00
12
71
00
1E
1D
6A
70
77
72
26
20
00
15
20
00
6C
00
6C
00
79
76
78
76
72
62
17
16
11
09
09
00
76
66
77
74
0D
17
75
00
00
17
70
66
00
6B
09
14
10
11
00
00
00
00
26
71
64
73
70
08
6F
11
72
58
00
71
00
00
6B
10
0C
71
71
00
75
00
00
71
75
62
5C
60
63
64
70
00
0E
6C
00
0D
1C
75
10
00
0C
00
00
00
77
17
00
07
0F
00
00
00
06
16
6C
07
64
73
72
5A
16
07
00
16
75
0E
71
00
0D
00
00
00
79
13
00
00
0F
00
00
00
6A
76
00
67
00
69
11
00
00
27
00
1C
0D
66
79
62
15
09
62
72
1C
00
00
6E
1B
74
68
78
00
00
00
00
72
72
68
71
6B
00
78
00
1C
00
00
0D
00
17
00
1E
00
00
10
00
00
00
06
00
0B
16
00
00
73
15
00
77
00
00
00
08
0C
0B
24
00
0F
09
00
70
13
66
00
75
00
11
00
00
61
26
65
0A
00
69
00
00
08

