08
18
10
10
00
56
5F
00
00
00
0C
00
0C
79
6D
76
08
6E
0E
6D
00
6C
79
09
00
13
08
78
0F
0E
00
12
00
78
06
08
77
1B
00
00
00
70
00
1C
08
12
00
00
00
00
0C
75
00
75
6E
00
00
72
00
78
00
00
00
00
05
00
00
77
11
72
74
79
08
6A
15
78
00
7A
0D
77
05
08
78
6E
6F
0B
6C
14
07
0F
0A
79
70
06
78
09
6E
5D
14
00
06
70
0C
20
00
70
06
6D
72
09
00
00
08
00
00
08
00
74
06
00
1B
74
73
00
00
05
00
00
78
77
08
00
00
73
09
00
75
6F
79
0B
00
74
73
13
74
61
1B
78
66
75
00
00
76
09
00
79
00
00
73
07
00
61
71
08
78
00
6F
16
00
78
6C
00
74
6C
00
6E
06
15
75
6B
00
00
14
00
68
00
79
00
00
00
25
6E
73
1D
00
17
73
76
0F
00
00
00
74
05
72
79
79
00
00
6C
00
00
09
79
69
00
00
00
78
07
0E
78
09
00
00
0E
00
77
6F
0A
12
6D
77
78
75
00
00
10
15
00
6F
00
76
6D
6F
09
00
15
6F
06
11
73
05
11
69
00
00
00
00
00
00
73
18
09
78
00
0F
0F
73
74
0A
71
73
0B
70
0F
5B
00
00
0A
09
63
00
16
10
7A
0F
00
73
00
12
00
00
0A
06
75
00
00
68
0F
00
0B
00
00
72
00
08
78
0F
00
74
00
06
74
00
6D
12
71
74
06
0C
76
77
0A
77
0D
79
6B
0D
07
00
19
0C
14
71
00
75
00
00
00
06
00
77
14
00
00
62
0E
06
72
00
65
0E
00
6A
07
00
00
16
76
00
17
11
6B
0C
09
1B
00
5C
1A
08
05
00
77
00
00
72
5F
00
00
69
67
08
71
00
00
70
78
00
06
78
00
00
6D
00
1A
00
77
77
11
00
6B
6B
70
77
63
07
06
71
09
10
00
09
0C
79
00
76
1F
73
00
00
15
11
00
05
1A
00
59
00
00
00
15
15
00
17
18
10
0F
00
6E
0C
79
0B
76
00
75
18
0A
68
65
75
77
00
00
00
0F
0A
5A
0A
0E
74
74
70
6E
00
00
00
19
00
72
75
14
10
0C
06
79
08
70
00
00
09
6D
0A
00
71
09
07
00
15
13
00
79
0F
76
76
00
0F
72
00
00
77
6B
6D
00
0D
00
6B
14
79
77
6F
00
6B
00
09
0C
00
07
00
00
0D
79
6F
78
75
6E
00
08
77
77
73
00
71
75
00
0D
00
13
72
00
76
5D
00
76
0A
6D
73
76
6A
79
6B
0F
71
6A
78
0E
75
7A
6F
12
00
00
0B
1A
08
00
0B
67
79
0B
6B
72
00
00
0C
0D
78
0B
00
74
77
73
06
76
00
18
76
66
18
07
00
0D
73
78
16
72
6C
0D
0C
00
73
00
06
16
0E
0C
00
11
00
75
75
0C
16
12
72
00
0C
00
76
00
00
00
08
0A
08
0F
00
00
6F
07
07
63
61
0E
07
6A
00
00
00
00
6D
00
12
78
00
70
13
71
6F
00
00
0A
77
6D
69
00
16
00
11
09
00
00
76
0C
07
0F
00
6D
05
00
79
00
00
00
76
08
0F
0B
00
15
14
66
79
6D
10
0D
70
76
0B
12
08
73
00
16
00
00
00
06
00
73
6D
0D
09
0B
11
66
60
79
0D
00
73
0C
75
69
79
75
76
08
13
12
13
11
67
00
12
00
11
11
00
17
00
18
78
6E
06
00
00
00
00
00
6C
75
72
6B
06
6E
79
6E
08
08
0A
00
71
79
09
00
00
09
00
79
68
0E
00
07
12
16
78
71
00
00
0B
00
00
73
0A
0A
00
09
00
0D
79
00
00
00
00
00
71
00
6E
14
00
5E
77
00
71
18
00
68
00
73
06
08
0B
18
00
00
6E
15
6D
6B
09
79
00
62
00
10
79
00
6C
74
70
00
1B
6C
07
00
74
71
06
00
6E
00
00
72
74
74
78
00
77
07
6F
00
6F
00
00
00
15
09
00
78
0E
74
67
00
00
77
75
5D
00
6E
00
00
00
70
72
0B
08
75
00
12
74
12
67
74
06
0E
00
00
00
00
6C
00
76
71
00
78
00
00
6D
0F

