00
68
00
00
00
07
71
00
00
75
55
0C
00
0A
18
0F
16
54
70
00
76
16
09
75
06
73
00
75
78
00
78
6E
16
00
00
00
0B
00
00
75
6E
73
73
73
79
06
74
76
71
07
75
6D
0F
19
00
00
10
07
00
71
10
78
73
00
06
00
64
00
19
7A
0C
6D
06
78
76
00
11
74
00
00
00
19
0C
6D
00
0B
00
00
00
0B
70
71
00
0C
0D
00
11
05
00
0C
6F
09
14
69
74
16
0F
00
0E
00
00
00
07
00
70
00
69
6F
00
00
0C
00
16
00
00
00
00
0A
79
00
11
09
74
11
6B
00
15
06
00
00
60
00
79
65
06
10
71
7A
79
71
09
00
62
00
00
61
08
17
00
00
00
00
00
18
00
6D
00
00
00
77
78
7A
0A
74
00
17
00
06
14
00
00
00
0E
10
7A
18
0D
66
00
6D
00
00
00
77
0C
78
00
10
08
0E
0D
6E
00
00
00
00
00
00
00
0B
73
76
79
00
06
00
69
1A
15
00
08
00
06
0A
12
76
00
00
69
6E
78
77
0B
11
00
07
08
6E
6D
6D
09
64
00
0B
08
7A
0D
16
1B
78
12
09
0C
72
70
71
17
75
00
00
0C
11
76
00
6C
00
00
15
78
09
0A
07
00
0F
13
0A
00
77
19
00
07
10
6A
08
20
63
71
70
0F
00
00
0D
75
79
74
06
07
00
00
75
00
00
77
70
00
6B
6E
17
74
0E
6D
00
00
14
72
10
70
76
6A
00
00
00
79
0B
78
76
73
00
00
00
62
79
00
73
72
73
13
74
79
76
73
7A
00
6C
0B
00
11
77
6B
11
21
75
00
00
00
0F
06
00
08
00
6C
00
09
07
00
78
39
71
73
0A
55
1C
05
70
1C
00
0E
72
6A
00
77
09
00
0F
00
07
06
00
00
06
69
0A
1C
10
05
00
00
06
73
15
74
76
0B
7A
18
76
0E
00
00
0B
0E
10
0D
08
15
06
00
19
00
00
78
74
00
00
5E
70
00
0E
75
68
0C
00
00
08
73
06
06
06
00
0F
76
00
00
73
6F
11
0B
71
00
0A
0D
00
1D
09
69
66
00
0D
00
6A
00
14
09
05
00
00
00
79
74
10
72
00
74
09
00
00
00
00
0B
00
72
72
00
71
00
00
0B
77
0B
0F
74
0B
78
0C
0D
76
05
00
14
64
0B
0F
05
08
6F
0B
6B
77
78
0D
14
6E
00
00
12
00
09
71
00
13
74
68
73
00
00
0A
00
0C
77
16
00
6F
00
00
00
00
17
0E
73
0B
12
70
75
00
1E
14
77
78
08
0F
5E
63
06
62
00
13
00
70
6A
07
73
6D
76
00
10
00
06
79
00
0E
6F
00
0A
00
69
72
78
1B
00
00
62
68
16
0E
24
13
74
79
11
75
09
73
6B
6E
00
6B
07
00
6A
00
00
07
79
00
76
17
00
68
15
06
79
78
78
0C
00
72
00
71
00
00
78
76
00
00
6A
70
6E
0D
00
6E
00
20
0F
78
15
72
0B
12
77
0A
78
06
79
00
0E
76
0C
07
07
00
14
00
00
10
00
00
08
00
00
0D
00
16
0C
0C
76
0D
6E
00
00
20
00
00
00
00
55
17
0B
09
10
00
74
19
00
15
72
00
67
14
1A
6F
00
00
00
78
74
20
00
1A
0B
76
08
0B
77
00
0D
0D
13
6C
00
0F
00
00
00
00
74
0C
75
74
00
72
0B
00
62
00
00
1B
0B
06
14
09
62
09
78
6B
76
79
0D
71
00
79
0E
00
09
00
72
00
06
08
11
78
6E
21
75
6E
0F
71
00
68
08
76
00
14
6E
00
08
74
0D
1D
00
00
78
6C
75
73
79
11
10
00
0C
75
09
75
00
77
07
19
0D
17
6A
07
0C
76
25
00
6D
0D
00
10
78
00
0F
76
1C
00
72
69
17
12
00
00
74
00
6B
10
68
00
00
6B
12
07
07
74
72
6A
62
00
08
07
00
7A
77
09
00
5D
00
78
00
00
79
07
72
00
79
0E
0B
11
00
79
00
12
00
74
00
00
70
07
09
0B
00
00
1A
00
00
0C
70
00
00
17
76
00
00
0E
07
11
00
77
00
08
74
07
0F
00
6B
00
76
09
07
78
00
09

