10
08
00
00
77
74
0C
6A
06
15
0A
00
71
12
69
00
00
61
08
72
5A
5E
6D
5D
09
11
07
0F
6A
75
18
15
00
0A
00
00
00
6F
78
78
07
00
10
78
78
78
16
0A
6E
12
74
70
78
0D
00
00
1E
00
07
76
08
07
0A
6C
70
1A
6D
74
1C
6E
77
6E
00
00
07
70
25
15
08
0C
00
00
00
00
00
0F
00
73
00
09
14
00
07
07
75
71
6B
73
62
77
6D
75
65
00
00
0A
75
00
0C
0B
72
00
00
00
14
00
00
0A
19
00
79
09
74
0D
00
72
79
74
00
00
07
79
00
08
00
00
00
00
14
73
00
72
09
00
75
00
00
00
71
74
00
74
6F
5C
15
72
00
00
00
00
69
08
06
00
74
00
10
00
0F
19
00
00
70
00
00
77
15
70
08
00
18
00
0A
00
06
5B
00
21
00
00
27
0A
07
0D
00
74
0A
57
00
79
00
61
17
06
73
73
73
6E
72
0A
00
0C
1A
00
14
13
07
10
76
6E
6B
60
00
0C
00
0C
73
6B
75
1C
00
77
00
65
70
73
78
6E
79
00
76
0F
00
68
67
6C
00
6D
6D
00
14
6A
6E
0C
09
00
5E
67
6E
00
73
69
18
00
6F
00
0C
6D
0F
14
00
00
09
0E
17
6E
53
17
08
00
49
57
26
15
00
12
0A
00
0A
00
00
00
74
00
00
6C
0A
00
73
70
08
00
00
72
0D
00
00
00
0B
74
1A
74
00
00
00
00
6C
76
0A
68
00
11
07
0B
77
00
00
0A
78
08
79
70
00
17
73
00
16
0D
73
6E
6C
00
00
6D
0D
6C
0A
00
00
78
17
10
00
00
00
62
00
1A
77
78
08
60
72
62
08
00
00
77
00
71
42
1C
25
00
00
08
00
5E
0A
0A
71
0F
69
0F
08
07
6E
70
00
75
00
00
68
1E
0C
5F
00
77
6D
1E
07
77
65
00
0E
77
17
00
6C
00
76
76
00
00
70
0A
74
00
77
00
78
77
00
73
74
11
00
00
00
78
6E
0B
79
71
6E
78
00
11
79
79
00
0C
00
0D
00
00
78
77
00
09
18
69
6E
64
6E
70
00
15
77
70
6C
6D
11
00
6C
06
00
6F
00
6D
00
71
6D
79
0C
75
78
00
71
00
6D
00
73
66
00
11
1B
00
72
1F
08
00
00
0A
08
00
08
78
09
71
10
10
0E
00
67
00
72
6F
69
00
78
08
00
08
00
71
6C
64
00
00
6C
75
18
74
1A
00
1C
74
79
0D
00
00
00
00
00
00
0B
6D
0C
62
07
2F
72
09
07
14
00
56
76
2C
78
71
11
1A
6C
6F
27
72
06
64
00
06
68
19
0E
6D
09
00
21
0B
71
1A
18
00
12
08
10
79
00
79
00
0A
73
00
69
78
11
75
78
07
6B
17
0E
10
6C
17
00
6D
16
75
00
71
12
0D
00
77
00
79
0C
64
0B
09
0F
6E
00
18
00
1F
70
00
00
0B
0C
6E
12
07
0F
6A
09
76
68
66
61
78
6F
78
70
6A
1F
10
68
12
00
22
00
00
6E
76
17
0A
16
0B
00
17
6D
00
00
00
77
72
00
00
00
0F
10
6B
0A
00
00
6B
77
15
00
17
0C
67
6E
06
75
6C
6C
76
6F
00
00
70
00
76
72
78
18
74
00
00
06
65
66
00
00
07
0D
62
00
76
16
00
6F
19
59
00
00
18
10
00
00
00
19
0E
00
0C
00
67
2A
70
13
67
79
78
79
10
78
00
00
0F
00
76
73
00
00
0F
76
00
00
6B
00
00
0D
73
0D
6C
00
70
11
00
1C
00
0B
0B
16
0B
69
0F
77
6A
09
00
6B
00
77
00
00
72
0D
13
71
72
6B
00
6B
72
74
71
79
6D
70
00
6B
00
72
00
74
0E
63
6F
06
00
00
67
78
00
76
75
73
72
11
78
0D
16
00
74
00
56
70
21
00
75
09
11
75
06
20
70
00
00
77
73
00
69
0C
0E
0A
13
21
26
00
28
0B
12
00
00
78
72
17
00
00
14
00
00
76
0A
67
00
75
0E
00
07
00
63
09
00
6E
76
00
73
65
00
77
0B
10
0C
0B
74
77
6C
73
78
66
0C
0E
72
06
78
00
6C
00
09
6B
6D
6D
6F

