00
78
1A
72
00
00
65
0D
65
5D
0E
6B
2A
6A
69
0F
6C
07
00
74
00
00
1B
08
17
08
00
0E
00
19
0D
78
06
14
79
12
6F
0A
65
1B
00
1B
71
00
00
74
78
67
12
00
76
0A
6C
67
00
76
1E
00
75
00
71
72
77
08
65
00
00
00
00
27
6E
18
12
09
72
71
10
74
6F
00
10
00
07
79
00
67
78
00
10
16
00
17
6E
64
13
00
00
73
77
0E
60
5C
00
74
00
62
00
0F
18
00
0D
00
19
00
64
70
0F
00
00
0C
0D
74
07
78
08
00
78
74
09
61
1C
62
00
77
5E
00
6A
0C
00
64
00
5C
75
00
68
09
00
6E
11
60
00
00
08
17
1A
0A
00
00
00
11
6A
00
1E
79
07
14
0C
21
00
00
1A
00
16
67
74
07
6C
0D
0A
70
1F
6C
77
00
00
0D
6D
00
2D
0E
00
15
00
00
5E
75
00
74
00
71
15
00
10
76
00
1A
00
00
00
6C
00
72
0B
0A
00
6D
00
00
73
00
59
6E
00
73
00
61
17
00
13
76
61
6E
12
09
00
10
71
1C
66
00
0A
08
6B
00
71
10
00
11
00
64
00
14
00
00
18
00
08
13
63
28
10
70
09
68
22
76
10
07
77
00
78
56
20
6E
0C
00
67
79
77
00
5C
58
07
79
74
78
77
00
00
00
26
00
00
14
77
00
00
00
00
00
6E
00
00
6A
00
6D
1B
00
24
6D
72
00
74
00
75
0F
75
63
09
73
00
00
77
29
72
00
0F
69
1C
00
12
70
00
77
6B
19
10
0F
5E
00
27
0B
00
0E
0C
06
09
00
0C
0F
76
77
00
0D
75
00
00
76
09
00
75
06
68
00
00
00
10
71
0F
00
00
00
00
0C
00
75
00
0D
07
76
17
0C
00
12
00
0B
00
70
00
75
74
69
00
13
00
00
79
00
71
65
0E
70
1C
69
07
2D
0A
5D
78
6D
79
6C
76
00
00
00
75
00
73
06
16
09
68
00
06
07
00
12
07
00
5C
70
00
0C
0F
76
00
1A
09
00
73
0C
71
74
13
00
65
0D
70
00
13
00
09
10
71
09
75
73
00
72
00
0C
00
00
0F
00
08
00
08
78
0F
70
0D
07
0B
15
79
00
5F
5B
00
6E
00
75
00
6D
00
5E
0A
07
00
0D
06
0C
77
77
1F
00
00
00
62
00
0D
6A
73
6A
00
6D
00
73
19
73
6D
1B
16
00
00
00
11
6B
67
00
1C
00
16
0B
77
00
16
67
00
00
09
00
76
65
13
6A
6D
00
71
00
65
77
00
73
00
07
00
00
00
71
13
00
00
00
1B
14
0E
00
71
00
6E
6F
73
00
06
11
00
09
00
77
74
13
6E
00
5C
76
2D
69
09
00
00
77
67
62
07
1D
00
00
08
00
00
1E
54
09
12
17
13
00
00
08
74
62
00
77
00
00
77
50
6D
12
00
5F
00
09
00
0E
10
70
23
76
11
00
73
18
61
68
6A
76
13
73
0E
08
00
72
6D
00
70
17
0B
00
0B
6E
00
73
61
6F
6F
77
08
00
0F
00
00
0B
13
00
77
79
06
00
0E
72
00
09
10
14
0D
26
00
00
00
0C
70
00
6A
6E
6A
00
6D
68
0C
71
6F
5F
22
5E
00
07
23
64
00
6D
0B
66
00
00
76
73
10
00
6D
72
0E
0F
00
0D
00
1C
13
64
00
69
08
68
71
00
78
12
00
73
00
6D
00
07
6E
09
15
6F
70
1A
78
00
16
00
10
1C
13
00
06
0E
10
00
73
00
67
00
00
76
00
06
73
0B
6B
74
1E
64
00
61
13
15
00
08
6D
00
72
00
07
00
6D
0D
5F
16
00
0C
00
00
00
71
76
00
00
75
17
0E
69
71
10
08
07
76
15
1B
11
10
71
6A
08
73
0F
06
6B
07
00
00
75
0E
00
00
1D
68
00
00
74
26
0D
15
08
00
6F
77
0F
06
08
1B
00
00
1C
73
0E
1C
6C
06
00
00
00
73
0E
00
71
0C
76
12
00
00
0F
1D
73
09
1C
71
00
00
71
72
00
5C
0C
00
16
6E
00
10
00
12
00
09
0D
00
6A
78
69
08
00
64
00
00
29
16
6C
13
0D
0B
15
00
74
66
5F
00

