00
0C
77
0C
06
70
6C
00
79
76
00
00
0C
00
6C
0C
70
5C
5C
15
70
66
00
00
00
17
10
70
00
12
00
00
00
00
00
06
15
78
00
10
60
1E
08
71
66
00
78
79
14
6F
00
6C
00
00
79
00
00
00
08
72
60
08
00
00
10
0B
17
00
13
11
13
6C
00
00
72
00
08
08
1A
06
24
10
00
0F
5F
6B
73
00
26
0E
78
00
00
1D
18
75
0E
00
6D
0B
79
08
00
06
0A
15
6A
00
77
00
73
00
5E
00
6A
6D
08
00
74
00
00
15
00
1B
17
6F
0E
00
08
6E
00
0C
00
73
11
00
00
00
0A
63
00
00
65
00
00
65
09
14
10
70
00
00
00
00
00
62
0B
25
0D
06
08
09
00
66
5E
00
00
00
71
00
10
0E
00
6F
78
77
67
24
75
78
19
00
79
13
10
14
00
08
26
0C
71
07
00
76
14
26
10
78
77
17
71
6E
00
00
09
6A
63
00
75
07
00
0C
0A
0F
00
07
70
76
0A
00
00
66
1D
77
1A
00
77
00
0D
5E
08
00
71
00
77
00
79
22
56
78
10
0A
13
00
74
07
72
58
6A
00
06
00
00
00
0D
1C
08
0A
77
23
00
0E
77
73
22
75
15
10
06
0A
0C
6F
00
09
77
13
75
76
0C
70
6B
78
71
00
0F
0E
72
16
00
73
76
76
00
00
0C
1D
00
0F
67
6A
6A
6D
00
5F
77
6B
00
00
0A
00
0D
00
00
07
67
12
00
00
15
74
76
00
00
78
00
00
69
00
0B
00
00
00
00
00
78
10
0C
1A
64
0D
10
07
08
66
00
10
72
13
08
13
77
76
00
00
00
77
79
00
0A
00
74
6D
75
0B
1B
74
1F
15
68
70
00
75
0E
06
6D
1C
75
77
00
75
74
70
00
00
72
00
71
6B
06
00
0D
0E
0C
0B
00
10
71
13
69
75
00
71
00
00
00
00
00
0B
00
78
00
0D
1A
00
00
07
70
0B
72
11
00
00
76
00
70
11
79
70
77
00
0B
0F
74
74
00
09
76
09
0A
75
09
72
1C
78
6E
0C
75
00
6F
77
74
0D
22
72
14
00
09
07
0B
00
00
70
06
76
00
72
00
1E
1B
0F
0F
1D
0F
0C
0B
69
66
0F
00
13
00
08
13
12
6F
15
00
12
77
07
08
17
00
00
1D
00
77
16
11
0E
13
6A
00
0C
17
75
07
10
0E
08
11
00
71
13
0C
0E
07
00
67
78
6A
00
13
1A
72
00
00
12
16
00
0B
10
6A
14
00
6E
78
0C
00
60
08
00
6B
14
00
75
00
0C
6B
00
11
06
0D
00
07
0B
14
74
12
00
6F
00
06
00
06
00
0D
0C
11
73
78
65
6A
00
00
14
6D
00
00
73
70
00
0F
0B
19
6D
74
6E
00
07
12
0B
73
76
65
09
0C
0A
00
0F
00
11
00
00
0B
00
1F
00
00
71
0F
74
07
6A
1D
15
0D
00
71
70
0D
08
68
11
19
0B
00
66
69
12
00
00
00
0F
00
71
00
00
6F
00
76
69
6C
72
79
12
00
00
00
17
06
00
0A
00
00
09
17
0A
13
0C
00
00
00
13
77
0B
18
00
00
00
72
00
71
0A
0F
0D
77
71
00
1C
07
5F
62
0E
00
00
00
00
00
76
6F
00
28
00
6D
00
78
0C
00
11
67
00
00
06
00
12
77
74
74
00
14
73
15
00
00
00
00
0E
00
08
11
6B
77
07
19
65
5D
0F
70
52
72
1A
72
59
00
0B
73
71
6F
71
79
70
61
6A
00
00
17
0F
00
6A
6A
14
56
0D
00
00
00
74
75
6E
15
6F
70
06
54
6C
00
00
06
0A
6C
00
65
0B
75
00
79
75
70
00
10
13
0A
70
26
00
5C
78
15
70
74
6B
33
15
00
6A
66
07
00
77
21
00
70
71
6E
00
64
70
76
6B
16
07
00
00
63
00
75
63
00
00
00
10
00
08
00
1A
07
76
1A
00
00
00
08
1D
00
19
00
00
00
64
74
76
19
6B
6D
0C
69
00
5C
00
22
00
67
00
00
13
00
00
00
74
00
6B
71
1D
18
19
00
10
00
13
71
1E
63
0A
00
00
60
73
11
00
00
00
20
12
6B
00
07
08
00
00

