73
00
00
10
15
66
73
1F
19
00
62
79
06
00
00
6D
0B
12
00
70
09
1C
6D
74
76
00
0F
08
0A
00
78
0A
74
00
06
72
00
00
76
00
0E
06
0B
6E
1E
6F
79
06
75
78
06
0C
79
00
69
72
75
00
71
0B
00
55
70
63
00
79
08
1B
18
0A
00
0A
00
78
05
00
74
14
15
74
08
00
0C
00
19
00
65
0F
00
00
0E
00
11
00
00
00
14
0B
62
70
00
6B
0B
69
00
00
00
07
76
08
6F
10
73
00
11
0F
15
00
76
0F
00
6D
00
78
6E
78
09
06
16
00
10
0F
76
06
15
0B
0C
75
6C
08
75
0B
74
12
00
6D
07
6D
00
78
65
5A
10
00
77
00
06
00
13
1E
09
12
17
00
00
00
00
00
14
0D
00
6B
64
1A
07
71
0B
00
00
00
00
17
16
76
00
64
71
00
08
72
0A
0F
00
27
0B
00
00
6A
00
17
00
00
14
00
61
70
0A
70
76
75
0B
79
0D
00
78
06
72
11
75
75
67
6B
0F
00
00
75
0A
00
78
07
10
00
07
68
00
63
00
6B
00
6F
72
79
6F
67
07
0E
00
0F
1F
22
00
77
16
00
73
76
69
00
77
00
0D
70
08
0D
66
00
1C
00
76
11
75
06
78
11
08
00
0A
61
00
1F
00
00
12
0C
61
00
09
79
00
0D
71
0F
00
00
6E
6C
74
00
06
0B
00
08
00
08
00
13
11
0D
08
00
75
00
6E
00
07
66
00
00
00
09
00
00
00
00
00
00
12
75
00
71
00
00
16
00
77
1B
00
00
00
14
00
79
00
14
07
12
06
09
1B
00
00
76
00
00
77
0B
78
00
6C
0C
00
0A
6D
0D
1C
72
12
00
09
26
00
00
0C
0F
73
0A
08
5F
0E
0B
6E
0C
0D
72
78
00
00
5F
09
78
00
11
78
00
00
17
72
06
0F
00
00
00
1D
00
6A
00
00
76
13
00
71
08
6F
18
08
11
68
00
00
00
11
00
6D
74
1A
0B
00
00
0B
0C
63
18
0E
78
08
13
0C
08
00
6B
64
0A
6B
74
66
05
0E
75
0B
22
00
73
60
73
00
07
6E
00
00
11
00
6F
00
00
00
77
70
77
75
77
0E
0D
6C
0F
00
00
10
79
72
70
6E
0A
6D
06
00
15
00
0D
00
05
00
0D
08
00
00
00
00
00
00
76
00
20
10
17
70
79
11
12
00
00
00
6C
0A
13
11
63
72
00
00
00
79
6E
00
0B
0E
00
76
00
00
6F
0D
00
13
11
73
6E
00
75
75
0B
00
6E
10
69
79
09
77
06
07
79
00
76
00
0C
00
00
0A
0F
07
0D
0F
10
0D
00
0B
5D
68
60
6D
00
00
00
13
00
00
6F
6F
00
6E
00
00
0E
00
09
05
6E
75
15
00
00
74
10
71
09
00
12
00
1A
70
6E
16
74
00
6A
0E
78
14
0E
00
00
20
00
73
07
00
0A
00
00
00
08
00
74
75
00
70
1C
0B
61
00
12
08
67
17
10
10
6C
00
75
00
00
74
17
06
75
0E
00
00
73
10
75
00
00
72
0E
00
06
76
11
72
10
75
0B
0B
72
07
6D
00
07
0F
00
78
00
00
07
00
14
72
14
00
11
00
00
00
00
00
00
00
7A
77
00
76
0C
07
00
00
75
77
00
78
00
11
70
6F
0A
11
00
72
78
74
00
00
0A
09
73
00
0A
77
00
16
0B
00
15
74
25
72
75
6E
71
09
73
6E
73
70
16
6C
00
74
00
70
08
74
00
0D
00
0D
00
0C
06
0B
78
00
67
08
00
00
66
15
00
00
19
6F
6F
00
18
0F
00
07
0A
16
77
73
73
00
73
00
79
10
0D
62
00
0B
76
75
05
72
68
00
67
00
08
77
00
00
12
00
00
00
74
12
00
00
05
70
66
00
00
00
0C
19
0D
00
05
74
07
0A
72
00
1F
00
68
16
00
79
00
11
00
70
19
00
00
07
72
65
75
08
00
00
00
0D
00
06
0A
09
0A
0A
00
63
0D
0E
10
00
72
79
17
00
11
05
70
11
11
78
76
12
78
75
11
12
00
00
00
00
00
00
79
09
06
10
6D
00
00
71
0C
06
72
12
67
07
77
00
0B

