66
20
6A
00
1D
00
00
6A
76
00
73
11
08
65
00
77
11
17
0D
1A
09
0D
17
17
06
0B
78
65
00
00
62
70
64
68
00
18
74
0C
08
75
00
63
00
00
00
00
70
18
00
00
09
00
74
00
63
00
00
0D
00
08
54
6A
20
00
15
00
66
6D
6F
28
6F
00
00
00
00
76
08
73
00
18
67
13
00
00
07
75
71
73
17
00
00
06
69
0A
12
74
6D
63
00
6A
07
00
0A
0A
00
00
79
00
6C
6F
00
0B
00
6C
0A
09
00
63
10
5C
11
75
78
63
79
77
00
15
00
00
0F
13
6D
00
0E
65
00
00
00
09
00
00
6D
76
6E
0E
08
74
6D
77
6B
00
00
06
62
00
00
09
00
0F
17
70
00
6E
0A
13
6D
72
12
21
0B
6E
72
09
17
00
78
65
75
0C
00
0D
18
00
6D
08
00
00
00
00
76
73
00
78
0A
6F
0B
62
00
0B
0A
61
75
73
1C
58
00
09
00
75
00
00
00
0A
1C
1B
77
00
6D
6F
0D
6C
1A
78
27
00
00
00
67
71
50
75
76
07
00
65
21
25
6C
00
09
15
61
68
70
79
07
00
76
6D
07
00
00
00
17
00
00
00
73
00
00
00
00
00
6E
70
79
09
00
00
78
18
00
6B
11
07
72
00
06
71
11
78
73
0D
15
00
00
00
76
12
0D
79
00
0F
77
00
08
00
0F
79
26
77
1F
17
00
6D
00
1C
0B
74
09
00
74
09
18
00
15
73
00
75
00
6B
6D
6C
00
74
10
0B
00
00
6D
14
72
0A
1A
6E
1D
75
00
0A
08
14
00
00
0B
00
79
6C
78
6F
75
73
11
0D
00
6F
14
0B
77
00
1E
00
76
79
59
6F
76
69
07
6E
00
00
00
69
22
00
00
09
00
00
17
12
00
00
12
66
00
0F
77
21
00
61
6A
77
65
0E
00
6A
0D
00
70
06
0F
00
0E
0C
00
00
00
78
00
74
6F
00
62
00
10
00
00
00
00
00
6E
00
74
6C
08
14
00
6B
76
5C
00
00
6E
00
76
70
0B
00
00
00
19
6F
12
00
00
00
72
76
12
08
11
69
1B
5D
70
62
77
00
00
1A
00
00
76
76
00
1C
00
54
70
00
12
00
6F
00
00
18
00
70
17
0F
6D
06
14
0C
1F
25
55
09
0E
00
16
00
5C
79
00
0E
00
00
75
00
5F
71
15
67
09
5C
00
17
6C
10
07
70
00
10
00
00
6D
00
1C
00
19
76
18
00
76
00
6D
63
66
00
65
71
79
75
1A
15
74
6E
00
77
6E
74
00
00
0A
0B
79
6C
6F
0B
00
1C
00
70
07
72
00
15
00
00
0C
06
71
12
74
6A
09
0D
56
11
00
78
00
00
77
00
79
0C
0A
11
06
09
70
60
00
72
76
11
09
00
71
70
08
78
00
5A
08
0A
27
0C
17
07
6F
6B
6B
18
16
6C
19
6E
65
1A
1B
00
00
71
08
79
16
72
00
6F
00
00
17
00
00
11
6E
13
66
14
24
70
1B
79
00
1F
14
0D
79
6A
00
75
12
6E
00
6C
6E
00
00
00
6C
0D
08
14
6E
09
13
00
66
78
00
07
00
6D
00
1A
14
6F
08
00
16
0A
00
00
00
06
5D
11
6D
10
00
08
6C
00
12
0B
00
6E
0A
00
00
09
00
00
67
74
64
00
00
00
07
00
0D
00
79
00
6D
00
0B
00
65
00
00
77
79
00
00
00
09
00
00
76
78
00
00
6C
6C
69
77
00
71
00
77
0C
00
6E
00
07
09
00
00
00
76
78
73
74
00
0C
07
08
1E
76
71
61
74
08
00
00
13
76
72
11
00
15
0E
64
5F
15
00
74
00
11
70
00
74
00
23
1A
74
0A
17
14
1A
1C
63
16
11
00
00
00
61
6C
09
00
13
00
00
00
1A
06
6D
0D
00
00
71
00
70
11
10
72
00
0B
00
5B
16
66
00
6A
61
6A
62
6A
68
1E
1C
00
28
06
12
00
75
79
65
72
0C
79
00
68
17
06
72
0B
00
68
00
00
71
00
14
77
73
00
6E
00
6C
17
2B
12
00
62
79
15
00
00
18
0B
10
78
07
17
11
12
00
6C
6F
11
00
0E
79
17
6F
76
00
10
00
00
78
00
19
70
70
6E
00
00
00
1E
0C
00
00
00
00
00
00
75
00
77
78
0A
06
00
1A
11
6E
71
6E
6D
12
75
00
73
00
00
77
12
70
00
71
0A
00
0A
77
70
0A
0B
00
6E
08
75
79
6C
00
00
77
00
00
71
71
6E
1F
77
0D
65
12
76
5B
0C
00
15
06
65
00
06
00
76
0F
6E
70
6E
27
79
1A
18
12
14
69
00
00
1E
6E
1D
17
75
11
1B
00
20
0C
0E
0F
68
70
71
0F
00
72
06

