11
00
00
70
6E
76
00
00
05
75
00
00
6B
00
72
17
79
00
09
1F
00
14
7A
11
78
05
09
0A
0D
72
00
00
0E
0E
6E
79
00
63
65
00
0D
07
00
79
07
6D
21
10
0F
74
08
73
6F
75
07
1A
0D
00
6B
7A
00
07
70
00
00
1A
00
77
10
6C
76
64
75
00
00
00
0B
09
10
13
00
07
6F
00
00
0D
0D
00
79
76
00
00
00
0E
09
6B
72
70
00
00
00
6D
00
1C
71
09
6E
75
00
13
0E
00
1F
00
00
00
00
00
00
00
67
75
71
6E
0A
09
14
00
19
00
00
79
00
75
71
10
00
79
2B
00
00
20
19
05
00
00
00
0F
78
00
6D
72
08
09
0E
74
00
1B
00
0B
74
00
00
74
15
07
00
0C
08
09
12
77
0B
78
00
72
70
10
79
72
79
0F
6D
00
75
13
76
5E
00
5F
0F
07
67
20
00
6D
06
77
1F
71
00
00
05
0B
05
15
00
74
13
66
79
0A
61
00
10
11
07
70
00
77
76
18
07
73
74
00
10
00
00
72
07
00
0D
09
19
08
73
78
77
00
0D
00
6A
00
1A
00
6A
00
00
0F
69
74
00
77
00
75
06
11
69
0B
0A
1B
00
6F
73
00
00
00
07
64
0F
77
71
00
6C
0D
00
74
00
00
23
00
65
00
78
71
69
00
71
00
0C
00
00
0F
00
00
09
73
73
6C
6D
79
79
0A
6D
00
73
0F
0F
78
75
05
0A
0F
73
00
10
1A
0D
6B
0D
00
10
1C
73
00
69
13
70
06
06
00
00
00
0E
74
09
71
00
79
00
0D
71
6C
00
07
75
08
08
08
08
10
05
14
75
07
00
69
69
6E
71
00
0B
1C
24
19
00
06
09
66
75
18
00
12
13
79
09
00
74
66
00
77
00
73
79
00
0E
6C
06
00
6E
16
06
78
00
06
00
6E
70
00
6B
09
00
09
11
6E
72
6E
00
00
74
75
0F
6B
14
00
0C
05
00
79
00
14
74
00
70
0C
0A
08
78
0F
00
00
00
00
77
07
73
00
05
19
73
00
00
10
00
06
00
0A
0A
0C
72
10
74
66
00
71
00
15
06
00
07
74
0E
73
10
71
00
6D
00
00
08
6E
07
0E
0A
6F
78
00
76
11
06
77
00
0D
79
11
00
12
77
10
00
6D
71
00
00
09
12
07
72
72
75
6B
08
6E
13
07
76
77
75
12
6F
6E
00
74
08
73
15
14
0A
08
00
6B
00
00
0E
00
67
0C
66
08
75
68
09
78
76
07
69
6D
06
74
00
00
00
00
07
00
74
18
00
68
15
0C
65
00
00
0A
07
78
08
78
06
00
00
00
08
09
0A
78
00
00
73
76
10
16
0D
15
74
6A
77
62
00
00
00
0C
00
6F
77
1E
0D
0F
71
11
00
16
76
12
69
0D
1E
0A
00
71
12
71
21
00
00
29
68
22
00
6B
1C
75
19
06
6E
00
75
0C
06
74
6C
76
0D
72
72
6D
00
78
00
06
77
28
1A
66
77
09
67
58
00
14
16
6B
6C
6B
10
00
00
0F
00
78
6F
76
0F
00
07
6B
78
71
6D
00
09
70
00
7A
0D
00
00
00
00
13
0A
11
00
6D
14
10
08
0E
71
12
79
00
09
0D
75
75
00
65
0B
07
0B
0B
11
69
00
13
00
00
70
00
11
78
00
00
00
0F
00
00
14
6C
00
0A
78
78
1F
10
79
08
71
00
20
06
00
00
15
00
06
21
6E
70
0A
66
10
00
00
76
79
00
75
00
72
6A
00
00
6B
70
70
6C
00
14
00
79
00
0B
0E
11
00
78
06
00
1C
6E
00
06
00
0A
15
70
00
00
00
0B
71
00
00
0B
00
00
6C
0A
00
00
71
78
14
72
68
00
00
71
6F
71
0D
6E
16
08
00
00
13
00
0B
00
71
0D
1F
72
66
00
00
67
6E
13
1D
0E
78
15
06
00
73
77
19
00
09
0F
0C
79
00
10
06
00
00
0B
00
78
00
79
18
78
10
6E
76
77
00
0E
00
6B
69
74
1D
00
19
72
00
78
00
10
6D
78
59
00
66
75
00
08
0A
05
00
6F
00
05
06
6F
6C
00
06
08
09
00
74
08
00
0B
79
78
72
00
0E
79

