0B
18
00
0C
00
77
71
6A
00
6B
62
00
08
75
00
00
6C
77
00
00
00
08
75
0F
11
00
12
75
00
10
70
73
76
69
6D
76
75
6B
08
00
6C
00
00
00
00
71
0A
00
00
72
00
72
74
00
69
0B
00
00
66
6C
6F
00
00
0D
00
00
00
76
6A
19
6C
00
00
00
13
00
00
00
1B
00
12
00
0F
00
6C
00
00
16
00
0C
72
08
70
6F
15
00
00
0F
00
00
73
73
73
67
1B
00
78
00
0E
00
68
09
6D
73
00
00
00
71
00
00
0B
00
6C
00
6F
0A
00
00
09
71
0C
66
00
13
00
76
76
0F
6C
72
14
61
71
70
00
18
70
08
70
70
00
72
00
00
00
00
00
00
00
09
6A
00
00
0C
00
00
00
0F
72
75
00
00
65
6D
08
00
00
73
12
10
00
74
0A
10
76
13
00
6A
71
6D
2B
00
64
19
0D
00
72
0D
00
00
18
00
00
00
00
00
6F
72
00
00
0F
76
00
00
73
73
08
0D
71
00
00
76
0C
00
15
00
10
71
74
00
73
00
00
6F
09
08
0A
0B
17
00
76
72
6A
00
00
00
6E
0F
73
14
0D
00
00
00
00
09
5F
00
17
00
00
00
08
00
6C
09
00
16
08
18
00
67
15
6A
6B
00
00
0A
66
11
00
00
70
5E
00
0D
0A
00
00
00
14
00
14
0F
0C
10
77
1A
00
0A
69
67
70
00
00
66
00
00
00
00
69
0D
00
00
77
15
1A
71
6E
71
00
09
00
09
76
6E
10
6A
0D
09
1B
0C
0E
00
00
0C
10
18
00
00
09
00
00
19
00
0D
00
77
00
17
00
00
0A
00
00
1B
74
00
24
73
71
00
00
70
00
00
00
15
00
00
6B
12
0B
5F
77
12
77
68
6B
0D
00
09
00
72
00
00
00
70
72
73
67
00
73
74
72
00
72
00
6A
00
76
68
00
00
77
69
6B
00
6B
59
00
72
23
65
00
6E
00
0E
00
0E
6D
0E
00
00
70
00
75
6B
00
11
0A
6F
0D
70
1A
0A
77
00
77
6B
74
00
0D
00
6E
10
00
08
00
76
12
00
08
0D
76
74
00
12
77
6E
08
09
00
16
14
11
00
00
75
00
00
6D
00
00
00
0C
75
00
00
6D
00
75
0B
74
00
76
0C
00
65
09
00
00
00
0F
09
00
73
6C
00
09
08
1B
10
74
00
75
00
00
0F
10
1D
0B
6F
07
75
00
72
00
1A
5D
00
00
0B
09
09
0F
1B
00
77
00
00
22
00
11
10
71
75
10
00
10
0E
77
1A
00
00
00
00
09
00
00
1D
6D
11
14
00
00
77
76
00
10
75
00
6E
69
00
69
77
00
70
6E
00
00
74
76
00
00
00
6A
0F
10
00
00
00
77
74
00
00
00
14
76
09
00
1C
00
0F
00
09
75
70
0F
64
66
0E
00
72
00
09
13
74
00
00
0C
00
0A
6B
00
00
71
00
00
6D
00
00

