00
00
00
00
15
00
6A
70
75
07
27
71
00
00
13
71
6B
10
00
08
68
00
0E
74
76
00
13
14
00
00
0E
66
76
6B
6B
70
00
77
00
00
6D
00
75
75
0A
08
72
09
16
18
00
0C
0C
00
00
00
12
6C
10
00
0F
00
0F
00
00
76
00
00
00
00
18
00
0B
76
1F
00
6E
6D
77
6D
0F
00
08
70
00
00
11
14
07
00
00
00
6C
00
6A
15
0D
72
11
29
0E
69
00
08
0A
77
00
08
0D
71
77
00
0B
65
71
0A
08
6A
73
00
09
76
1B
00
09
15
00
00
00
0B
74
00
6F
72
0B
0E
70
00
73
73
11
0B
00
0B
00
76
70
6A
13
00
00
0E
00
12
72
00
00
00
15
0E
70
73
00
70
00
24
00
74
00
12
6B
00
00
71
00
13
11
00
00
00
75
6F
00
00
0D
00
0A
00
29
00
6E
00
00
5D
68
1D
00
00
00
69
6E
17
07
6D
00
00
0A
00
00
00
77
71
76
0A
76
69
6F
70
00
00
00
6F
75
00
70
00
15
16
00
10
09
74
00
0E
16
0A
08
67
23
09
00
00
00
0E
00
13
71
00
11
00
00
6D
0F
70
00
74
0B
00
00
00
00
09
00
0A
00
16
00
00
10
16
00
6A
00
76
00
69
70
23
74
73
00
15
0F
72
65
0D
17
00
6D
00
08
6E
09
00
0E
75
00
09
75
00
0B
75
00
71
00
00
00
6C
76
6B
10
6E
10
74
00
00
65
00
00
74
00
00
72
63
00
76
10
00
0A
00
09
0B
00
0D
77
00
00
00
00
00
00
00
0B
2A
75
0A
00
0B
0E
6E
00
08
00
08
70
00
73
6B
00
00
00
00
11
27
00
1C
5B
1A
0F
75
16
6A
00
6D
69
08
00
00
76
0D
00
00
12
15
0D
00
00
09
1C
13
00
14
74
08
00
08
75
00
0D
00
00
0D
77
75
09
00
6C
00
73
1E
0D
6E
00
76
00
19
09
00
0E
00
00
73
6A
08
1A
00
76
00
00
00
07
14
00
73
00
0D
75
09
0A
0E
6D
00
00
6B
15
00
00
75
75
00
00
70
00
1B
00
00
00
00
08
6A
10
00
00
73
00
71
76
00
00
72
00
0B
0F
6F
72
00
76
6B
73
15
0F
00
00
14
00
00
6F
76
00
00
0E
10
00
00
0D
00
5A
0B
0C
00
09
00
75
00
00
08
00
00
00
66
00
6F
76
6D
65
00
00
6D
77
75
00
76
77
00
76
00
00
6D
00
63
74
00
0C
76
00
10
14
00
00
15
0C
70
00
6D
6D
6A
76
5B
00
22
77
08
0C
6E
1E
15
00
6C
00
76
62
74
0D
00
13
00
68
6D
6C
00
00
00
10
77
6B
00
0F
71
76
6D
08
00
00
00
6D
75
09
73
0E
73
5F
0F
63
00
70
00
6C
74
0C
00
0B
00
00
00
75
00
10
00
00
00
00
6A
74
00
72
0A
00
00
77
00
00
00
00

