00
76
16
00
00
1E
00
0F
00
00
00
65
08
00
00
00
6F
00
00
71
00
0C
10
15
0A
00
00
13
17
6E
73
77
70
00
00
00
74
00
67
70
0A
0E
00
0E
10
00
0C
64
2D
24
0B
75
5D
75
13
00
00
0E
00
73
00
0B
11
17
14
76
00
5E
00
18
24
00
0E
6E
6C
00
00
1C
28
00
00
16
0B
00
70
0E
00
00
00
0E
00
74
62
00
6C
68
00
75
0D
16
0A
0B
0B
00
00
00
0B
00
00
00
00
0F
00
18
00
0D
00
70
18
00
69
00
0C
6F
6E
00
00
67
21
00
00
76
0D
00
00
00
5E
00
00
00
69
00
00
00
73
00
00
71
21
00
00
00
0F
10
00
00
00
0B
69
00
00
20
00
68
00
00
00
00
73
1E
12
17
00
00
68
00
00
69
00
15
00
00
6C
00
00
00
00
6C
00
08
72
00
00
74
75
00
72
6B
5C
6B
6F
6A
00
00
00
0F
00
70
00
14
00
00
74
00
00
00
70
16
6C
76
6E
11
00
68
66
00
10
00
00
0B
6A
00
0D
00
1A
0F
00
00
00
11
00
73
76
00
16
00
00
23
18
74
0F
18
1D
11
00
5C
00
00
19
09
00
76
00
00
00
00
00
00
76
00
0A
0A
0F
66
1C
10
6E
00
11
0D
66
6D
6A
00
5D
5E
00
76
5E
00
15
00
14
10
00
70
00
71
6D
0C
11
00
6E
74
70
74
00
61
09
6B
00
5D
69
6F
75
0A
00
76
00
6D
5E
0D
6E
00
10
6E
00
00
0D
76
0C
00
00
71
73
0E
0E
1A
00
22
0A
72
6F
0F
0A
00
00
20
00
0F
00
6E
00
00
6B
00
00
00
09
76
5B
12
00
6F
76
00
72
65
73
00
70
00
00
00
71
6F
69
00
00
0B
1D
11
00
00
27
24
0D
00
25
70
00
00
73
70
63
0A
63
0C
72
00
00
00
00
5C
0E
17
09
67
64
71
13
00
00
12
0B
00
5A
0A
00
1F
17
14
0C
0C
00
0B
13
65
17
0C
69
00
0E
00
18
61
00
1D
00
00
00
6E
00
00
00
12
00
0B
69
00
72
00
73
6D
00
10
68
00
00
00
00
53
00
09
00
71
10
00
00
00
00
13
00
00
09
09
11
00
75
5F
6D
00
71
64
16
00
18
00
0F
00
00
13
67
77
72
72
00
6D
71
00
70
76
00
62
09
0A
0E
72
1E
5F
6B
00
0C
64
1D
00
67
76
16
00
00
00
72
1B
0E
00
73
00
08
00
74
00
25
69
00
70
6C
6A
00
00
6E
1F
6E
65
26
74
21
1A
75
11
11
17
6F
00
00
00
00
09
00
09
00
76
00
00
00
64
74
00
00
11
00
5B
6E
00
11
11
64
6C
1F
5B
00
00
00
00
0C
6F
6F
15
76
73
23
00
6C
22
68
6C
00
0A
63
00
6E
12
69
00
70
0C
6F
00
1D
76
19
13
61
17
76
21
0E
00
00
70
22
00
75

