14
14
13
16
0C
00
58
25
16
72
00
66
62
0E
00
00
0D
00
00
0C
00
6B
0D
00
00
00
0C
72
00
0E
00
00
6F
00
15
00
09
6A
00
1A
09
00
00
6A
12
73
0A
00
00
68
0B
6D
0C
00
60
18
00
14
71
00
0A
6D
71
72
00
00
00
73
00
1D
1C
00
0A
76
0F
00
19
00
00
0F
5D
00
71
00
00
6D
67
00
1E
00
68
00
00
00
1C
08
71
00
62
00
74
09
00
00
00
0A
00
00
71
00
71
72
00
00
74
00
00
00
09
00
00
00
72
00
73
00
00
0F
00
00
00
77
00
00
74
11
00
00
00
00
00
00
0C
00
00
00
71
00
6D
00
00
0A
0C
00
25
59
00
5F
76
0F
00
00
1D
76
77
72
6E
0B
00
55
5E
10
00
00
00
00
73
00
6D
09
23
1A
00
76
09
0F
1D
0C
56
18
16
77
00
00
58
68
00
00
17
0A
65
00
0B
11
00
00
68
00
00
00
00
71
71
77
69
6B
00
00
1C
00
00
76
00
17
69
00
00
76
12
17
0B
77
00
00
00
11
6D
63
0C
11
00
72
00
00
00
72
00
00
00
00
0A
6D
00
00
65
12
66
72
75
15
0A
77
00
68
18
16
12
00
00
19
13
63
0B
2B
00
17
1E
71
5E
25
75
00
70
00
09
00
00
00
08
6D
00
0D
00
00
00
67
00
0D
6C
10
13
0E
11
00
00
0C
14
00
6F
71
0D
00
00
0A
00
72
00
10
00
00
6C
0E
6C
00
00
00
18
69
00
0C
74
73
00
00
00
13
00
13
00
00
0B
00
00
00
0A
00
6E
0A
00
0F
13
0C
00
5D
1B
13
70
00
6E
00
00
00
76
00
12
74
00
1B
77
5B
0D
72
00
00
00
00
00
0F
0C
73
0E
00
6B
00
17
21
00
11
6E
12
00
00
1A
10
00
00
72
20
00
6E
00
00
00
0A
00
00
00
00
75
00
00
00
74
00
08
00
09
00
00
74
00
76
11
00
00
00
00
72
00
0B
00
73
71
09
00
00
00
00
00
00
09
74
00
00
0E
72
00
09
00
00
17
69
0C
60
6F
23
73
00
5C
09
00
0E
68
72
1A
00
19
15
71
00
0F
5A
0E
0F
75
16
31
0D
00
00
69
00
68
0C
1A
00
70
00
00
0C
6E
1A
13
0A
11
0C
00
24
5D
09
1C
00
0F
74
74
10
13
00
00
00
00
00
0D
09
1F
00
6D
19
00
0B
68
1D
70
11
00
00
00
5E
00
0F
72
00
21
00
00
0D
75
0A
00
00
76
0C
70
0B
67
12
09
0C
0E
0D
00
11
61
00
00
20
75
0F
16
75
70
00
0A
0A
1E
00
09
09
00
00
09
0E
71
00
69
00
6B
00
00
00
00
00
00
70
00
22
00
71
00
00
00
73
00
0A
13
00
00
00
0C
00
71
00
00
09
1E
00
70
09
00
00
00
65
6B
00
6C
74
15
10
11
0F
00
00
00
0D
00
00
13
00
00
11
00
69
65
08
00
00
00
6C
00
1D
00
6C
19
00
1F
6D
00
0F
6B
6C
09
68
00
00
73
60
00
00
6E
16
00
00
00
77
63
74
6E
71
00
0C
6B
00
0B
00
12
0C
14
19
00
0E
00
00
74
00
13
56
00
0A
0B
17
14
72
6E
75
75
00
75
00
76
00

