00
72
00
6A
00
60
0D
00
68
00
17
09
00
00
6B
00
63
00
76
00
09
00
16
65
00
0B
00
1A
00
08
0E
00
00
00
00
00
00
73
00
19
00
00
63
69
74
65
00
62
0A
12
70
71
67
6B
75
00
0F
17
71
24
69
1C
6D
1F
1E
10
00
0F
00
19
00
0C
00
00
1B
00
1B
6C
00
74
00
16
0E
76
00
00
12
67
1F
0B
6C
14
00
00
77
75
10
77
00
6D
00
6C
74
00
00
0B
00
00
6A
00
1F
1A
00
11
76
0D
09
73
09
22
0E
09
73
09
72
6F
6B
00
75
6A
10
6A
00
18
71
1A
0C
70
00
75
00
15
13
00
0D
00
0D
61
77
6B
15
0B
19
08
15
24
00
6D
6F
00
6B
00
00
00
6D
00
13
1E
73
0A
72
14
08
74
00
1B
74
00
11
71
0C
74
00
70
00
77
6A
11
14
00
00
1B
00
00
00
00
73
76
00
00
0E
13
00
74
0C
00
00
12
75
16
17
10
00
14
00
6E
00
00
00
00
76
0D
16
73
76
70
1C
0E
00
00
5B
09
00
0E
09
1A
00
00
63
00
0C
10
00
0B
11
00
0E
00
1E
72
09
00
09
00
20
00
10
0D
09
00
00
75
6F
0D
14
72
00
00
00
71
15
11
5B
00
00
66
6C
00
2C
6F
00
00
5E
5A
00
61
0A
00
1E
0F
0C
00
1D
14
00
1F
00
14
1A
0A
17
17
76
1D
00
00
72
00
0D
00
00
00
09
00
74
6B
0D
0D
68
12
71
17
12
00
0B
0E
1B
64
00
10
00
00
25
12
00
0C
00
00
5D
0A
0E
11
72
11
00
00
5D
27
00
0F
0A
00
69
0D
6F
75
0E
00
00
13
00
00
0D
00
19
0C
73
0B
12
00
00
13
00
6A
70
6D
00
6F
10
00
00
6D
00
09
63
76
69
00
0C
0D
00
00
0C
00
0A
0F
74
1A
6F
0E
00
00
6B
72
00
19
0B
14
00
00
00
00
0D
00
61
00
0B
12
00
0F
00
77
00
13
65
20
00
13
11
00
00
73
0D
00
00
00
19
00
0D
69
61
00
0A
00
70
00
73
0B
00
00
6B
00
1B
00
0C
00
74
00
13
65
00
00
72
00
1A
00
67
00
00
6D
68
00
00
00
09
00
65
00
00
72
0E
00
00
65
74
00
77
00
73
08
0C
18
16
71
63
50
10
0B
6A
60
6D
00
5B
18
00
73
09
5A
00
00
75
00
00
00
6D
00
12
00
00
62
5C
63
00
00
00
6C
00
08
00
00
66
6D
1C
77
00
00
70
00
76
70
71
00
00
00
0A
00
15
0C
68
69
00
77
67
71
00
15
00
00
12
73
0E
10
09
0A
00
00
00
00
72
00
6A
17
11
6A
75
75
0D
71
77
00
70
00
10
0F
12
00
73
74
18
09
00
18
00
00
67
09
00
00
15
0E
00
00
00
75
00
00
0C
70
00
6F
00
0D
00
71
0F
13
00
76
00
0B
0B
72
09

