00
70
21
00
6F
10
00
69
00
6D
0C
00
0F
0A
69
00
0C
76
0D
00
0E
00
6D
70
00
00
00
00
75
72
00
6F
00
63
6C
00
70
70
65
00
00
00
00
00
13
1E
15
61
08
76
0A
00
6C
00
6F
11
00
0F
00
66
71
00
70
6E
6A
00
1E
16
12
68
76
00
67
6B
12
6D
28
0D
6F
1D
6E
23
00
70
00
74
10
75
0C
00
00
00
75
00
20
74
10
00
00
18
71
72
16
67
6B
6A
00
6F
68
0A
00
00
00
00
15
00
0A
00
00
73
00
00
6E
58
00
00
68
67
00
00
1D
00
00
11
14
13
00
00
00
0B
0C
00
00
71
00
6F
0E
00
64
15
00
00
6F
6F
00
00
18
1A
00
00
00
68
6A
00
6F
0B
00
0E
11
00
0A
08
0B
73
61
6C
09
00
00
0B
00
73
6A
0D
00
59
00
00
1F
70
76
00
15
72
5B
00
0E
4E
10
00
00
00
0E
23
00
12
0A
00
00
6E
65
76
6D
67
6E
00
71
63
0D
00
0A
10
00
19
0F
70
75
61
00
0D
61
70
10
0D
76
0E
67
00
6C
00
71
6F
6E
72
00
09
6F
76
74
5F
5C
71
76
67
09
00
00
00
54
0D
00
00
00
6F
00
00
77
00
00
0E
00
00
1A
77
00
6E
09
72
68
00
00
00
00
00
00
76
00
73
00
00
76
00
00
00
09
00
12
00
12
00
00
09
00
62
71
00
6C
1C
09
00
73
00
00
6E
00
00
00
0C
1E
6D
64
67
00
16
00
76
6C
10
6F
0F
60
00
72
0C
00
00
00
00
19
0F
00
1F
62
6A
73
00
00
08
14
0B
00
77
69
76
00
0C
00
00
00
00
00
0D
0B
6E
11
70
00
68
6E
00
65
68
0B
69
00
18
00
00
00
08
00
00
13
00
73
00
00
6C
70
77
72
75
00
00
00
73
00
6F
73
11
00
16
0E
6B
0A
00
13
00
00
15
00
00
0D
74
14
00
00
14
00
10
67
00
12
75
13
68
68
71
75
0A
70
70
00
00
00
14
00
1C
09
00
60
66
09
00
6C
00
00
00
00
6E
76
72
00
00
59
6D
00
00
09
00
11
13
00
0B
15
00
11
70
77
0F
00
08
12
00
0E
73
72
77
69
74
00
00
6E
72
00
18
12
00
6C
00
6C
21
00
00
00
69
6B
76
66
00
1A
0C
17
00
00
71
00
75
0A
66
0F
0C
71
11
0A
00
6F
09
76
76
0E
00
74
00
00
00
00
00
00
00
00
00
00
00
0A
00
00
00
62
72
00
00
66
00
00
62
00
66
5A
6F
00
00
69
00
70
00
16
6B
00
15
15
00
00
17
0F
00
16
00
62
00
67
76
09
00
1B
00
00
14
00
14
0C
6A
6C
6B
00
6A
0B
00
0D
0E
68
10
00
10
6D
00
61
00
71
00
00
73
0B
66
6D
00
00
00
00
0A
00
00
1B
00
00
1E
00
00
00
71
00
00
6E

