00
00
29
6C
65
0A
00
00
1A
00
00
73
74
71
6F
00
00
00
00
17
00
63
6B
15
0B
6D
00
00
0E
10
0A
00
00
6F
00
00
09
00
00
00
00
0A
60
00
21
00
08
70
00
1D
00
00
6C
0D
00
00
75
0E
10
17
6B
0C
0E
13
00
0D
76
6F
10
0F
00
5E
0D
11
0E
00
00
00
11
72
0D
0C
16
0E
73
00
16
76
00
0C
71
74
00
00
0D
09
74
00
16
00
09
74
00
14
74
00
0B
00
00
00
10
00
0D
00
6C
00
09
65
77
0F
00
00
70
14
1A
00
07
00
6F
74
75
08
74
00
00
00
6B
00
08
6E
00
00
08
00
12
00
78
17
75
00
77
00
72
1A
0F
10
00
0D
67
77
00
0B
00
73
00
6D
00
14
00
11
00
00
09
00
00
00
00
77
00
00
00
18
15
00
73
00
00
5D
0D
00
1E
00
5D
00
00
5B
72
19
72
00
1B
00
76
14
00
6E
6B
74
00
75
73
5F
67
00
6E
6E
68
00
00
15
00
00
65
76
74
70
77
6C
6C
00
66
0E
00
00
73
0D
00
00
6D
00
00
10
75
00
00
6D
14
00
08
70
00
00
68
00
00
73
09
10
00
6F
6E
77
71
00
73
76
0B
0E
07
13
00
6C
2F
00
76
0F
00
72
6D
70
6E
61
14
62
74
00
63
14
00
00
00
00
71
00
00
00
71
71
6A
69
00
00
77
00
00
6F
00
69
00
00
6D
72
12
11
00
0A
00
00
69
00
69
00
00
5F
00
14
13
74
00
00
08
00
00
00
69
0D
00
0C
00
0A
00
57
6A
72
0A
00
0F
00
10
6E
00
72
76
76
00
18
08
72
0A
74
00
11
1F
11
00
5D
78
61
5B
0A
00
00
0A
00
00
77
00
0C
00
76
00
77
6A
75
73
67
70
00
00
00
72
0B
00
00
73
00
72
00
6A
63
0D
00
1C
00
0A
07
66
00
68
00
0F
0A
12
73
71
0F
5B
72
00
09
00
00
08
00
00
66
5C
00
00
00
00
00
0C
1B
00
00
64
25
72
09
0D
00
2C
72
0B
18
00
1C
77
73
13
6D
09
00
75
00
76
00
65
00
09
74
10
66
75
00
00
0D
15
75
0A
00
00
6F
75
00
72
64
0C
09
61
00
00
6D
00
6E
00
74
00
09
00
09
13
10
00
73
11
74
71
08
71
00
00
74
00
0A
00
00
13
11
73
14
00
77
72
1E
09
0C
00
00
66
73
00
12
74
00
00
00
0E
78
72
00
13
0C
78
0C
25
00
6E
00
18
10
00
70
00
6F
73
00
63
00
76
0B
0B
11
00
00
77
00
74
00
00
6A
00
00
76
00
66
71
08
72
76
12
6D
19
73
13
00
00
6C
6B
76
74
0F
00
6E
71
66
70
00
72
17
00
00
11
66
0F
67
11
09
74
00
00
00
0F
65
64
00
0D
00
00
00
00
00
71
00
75
00
71
71
00
12
00
00

