12
69
00
6F
73
00
73
1C
0C
00
0B
0F
0F
0B
09
00
73
71
68
00
08
00
00
00
00
18
00
00
00
70
0E
00
72
76
08
11
00
6B
72
75
1C
00
0D
00
00
00
09
73
61
0A
74
6A
0C
74
00
18
00
0F
00
00
08
08
00
73
09
30
00
0D
24
6F
76
60
18
0A
00
00
76
18
0A
0D
00
17
68
20
5A
00
11
6B
69
00
75
00
00
00
00
6B
76
76
00
00
63
73
00
00
00
6F
71
00
73
00
00
00
0A
00
18
1F
19
72
1B
24
71
00
6E
69
00
00
77
72
00
16
13
15
0C
0A
0B
0A
64
68
74
73
00
6E
08
09
20
00
00
00
1A
6C
0B
0A
00
00
0B
14
73
73
60
6D
61
72
76
00
0F
00
00
00
00
00
00
67
00
77
0C
14
75
6B
00
00
00
00
00
26
0D
1D
1A
71
18
75
6B
77
63
13
00
10
00
00
00
67
00
00
6B
00
74
6C
70
6E
70
68
5F
00
00
15
09
76
00
66
00
00
6A
13
00
72
71
00
0E
00
5F
00
0F
73
00
00
08
00
2D
0B
00
00
0C
13
70
00
10
6C
00
0B
76
00
00
14
00
6A
5F
00
0A
00
0A
0A
00
1D
64
6F
0C
17
6D
20
6F
00
00
00
5F
00
70
6B
63
00
75
5B
00
71
5A
00
0C
0B
09
00
00
77
00
73
10
00
00
18
11
1F
00
62
00
61
65
72
6A
00
6C
28
0F
1A
08
22
10
00
6A
0C
73
16
6E
71
00
00
11
10
2B
0E
00
00
00
00
67
65
00
15
1B
00
09
6E
6D
71
5B
00
59
00
00
13
09
57
00
00
6C
0D
61
00
00
5B
0D
00
18
00
00
00
77
0F
00
6C
0E
00
00
71
77
12
00
62
69
00
00
0B
00
00
00
1F
00
00
00
00
12
0E
73
5D
0C
00
73
72
17
71
00
0D
00
19
14
00
0D
00
6C
0B
67
77
00
0E
13
00
00
00
00
0C
00
15
00
00
00
0B
00
09
1F
10
00
00
00
0B
00
00
0D
00
14
14
62
0D
6F
00
77
73
0F
73
00
00
00
15
62
00
0B
00
10
6C
00
75
00
6B
5F
6B
0A
00
00
0B
17
75
00
08
6A
0F
00
0A
12
1B
13
1B
00
00
09
00
64
64
00
6F
6D
00
08
16
1A
00
00
00
6A
00
66
00
00
77
5C
6A
14
0D
13
00
00
00
0B
18
61
00
15
00
00
00
0B
00
72
6D
6A
10
00
00
0B
00
00
00
00
66
00
75
00
00
00
00
00
76
13
69
60
0D
00
71
74
1D
17
71
15
00
62
00
17
66
00
00
00
64
75
00
73
0F
71
0F
72
00
0E
00
13
00
1B
00
00
74
71
00
19
10
12
1A
0B
1C
00
74
00
6D
1D
0F
00
08
00
0C
00
1A
75
65
0A
00
6E
00
76
00
76
00
12
00
00
0B
00
00
00
00
2F
00
00
18
71
00
00
64
0E
69
00
00
00

