00
6A
70
6E
0D
00
6E
00
20
0F
78
15
72
0B
12
77
0A
00
00
00
00
0E
76
0C
07
00
00
14
00
00
10
00
00
08
00
00
0D
00
16
0C
0C
76
0D
6E
00
00
20
00
00
00
00
55
17
0B
09
10
00
74
19
00
15
72
00
67
14
1A
6F
00
00
00
00
74
20
00
1A
0B
76
08
0B
77
00
0D
0D
13
6C
00
0F
00
00
00
00
74
0C
75
74
00
72
0B
00
62
00
00
1B
0B
00
14
09
62
09
78
6B
76
00
0D
71
00
00
0E
00
09
00
72
00
00
08
11
00
6E
21
75
6E
0F
71
00
68
08
76
00
14
6E
00
08
74
0D
1D
00
00
00
6C
75
73
00
11
10
00
0C
75
09
75
00
77
00
19
0D
17
6A
00
0C
76
25
00
6D
0D
00
10
00
00
0F
76
1C
00
72
69
17
12
00
00
74
00
6B
10
68
00
00
6B
12
00
07
74
72
6A
62
00
08
00
00
00
77
09
00
5D
00
00
00
00
00
00
72
00
00
0E
0B
11
00
00
00
12
00
74
00
00
70
07
09
0B
00
00
1A
00
00
0C
70
00
00
17
76
00
00
0E
07
11
00
77
00
08
74
00
0F
00
6B
00
76
09
00
78
00
09
00
00
00
00
0D
70
76
00
73
5E
18
6C
1C
2C
00
78
0F
00
78
00
1E
72
00
10
00
72
00
14
00
6D
00
57
00
70
00
00
00
6E
00
0A
00
00
75
0C
6B
00
10
6F
00
00
73
00
00
00
00
00
00
75
14
69
09
00
00
10
74
0C
78
15
09
00
71
00
73
09
0A
00
00
09
00
08
00
19
0D
74
71
00
77
0A
09
0C
00
00
12
08
14
00
5D
6D
64
09
73
71
0B
00
75
75
00
77
69
08
09
6C
71
00
00
00
00
00
71
00
10
0F
73
6F
09
77
0D
00
00
67
6D
6A
70
00
00
00
00
00
12
00
0F
76
0A
09
6A
6E
77
00
6C
11
00
6F
15
00
67
00
00
66
00
1E
0A
07
0A
00
6D
00
76
76
6A
14
00
00
67
09
00
00
15
00
75
15
16
0E
73
00
00
73
63
76
6E
00
00
0B
00
65
00
65
00
73
00
13
73
77
0D
15
0B
76
1B
14
73
22
11
74
00
00
6C
6F
76
00
75
10
00
77
00
00
68
08
00
00
00
00
00
00
00
68
00
00
69
76
75
00
72
6D
00
6B
0A
07
64
00
00
14
00
00
11
00
6F
0E
68
00
00
00
6F
65
00
11
00
77
14
77
71
0D
0E
08
00
0F
14
00
00
15
00
2A
0F
0F
1D
00
00
0E
00
0E
71
00
00
74
10
6F
11
00
74
75
00
00
00
73
13
00
10
12
77
73
00
00
00
00
0E
0E
00
00
16
72
71
09
0E
72
0C
0C
67
00
0B
00
00
74
09
0E
00
07
6F
0C
72
00
00
00
00
00
13
76
75
73
00
74
14
00
1C
70
0B
75
0B
00

