0B
00
11
67
00
00
76
1B
69
57
00
00
00
0C
6B
6E
0E
6A
74
00
59
00
15
76
0B
16
08
00
72
00
15
0A
00
00
00
00
6E
00
5D
0C
00
1B
6C
6B
00
00
00
5D
00
12
74
6C
00
6E
00
69
0A
00
6D
14
66
00
71
13
00
0C
00
13
00
17
00
72
26
12
75
6C
18
0B
00
71
00
1B
14
00
5D
00
14
00
1A
0A
71
00
69
61
76
6B
75
73
00
76
00
0E
72
08
72
70
00
0F
71
72
14
11
19
19
00
00
1C
09
00
1A
15
00
00
73
00
74
00
6A
0C
6B
00
61
0E
09
76
16
00
1C
15
73
0F
72
17
00
6B
00
12
6D
00
5C
0A
0F
00
00
00
11
00
75
00
18
66
0C
00
00
00
12
00
18
00
12
0E
00
11
00
6E
1C
00
00
75
0E
13
00
71
76
6B
67
66
57
00
00
00
00
75
00
0D
00
00
00
6F
00
00
20
00
0C
00
00
00
00
12
00
00
00
00
6F
75
76
00
16
00
0F
63
00
00
0C
73
50
0A
12
00
68
5C
00
00
00
00
0D
71
00
5E
18
14
00
09
19
00
00
00
12
00
56
1F
00
00
6C
00
00
2E
08
00
1E
10
73
00
00
20
00
1D
00
70
1B
67
00
12
00
0B
00
13
76
0A
0F
00
00
00
65
76
65
0B
00
00
21
15
0B
09
1A
00
00
17
00
00
00
72
00
66
6B
00
62
14
00
00
00
00
00
00
15
00
13
00
00
1B
6F
6D
75
63
75
71
74
77
71
73
58
1B
62
00
00
00
00
09
76
11
00
00
09
6F
00
16
0A
00
00
6E
00
72
00
72
6C
0A
68
00
0A
00
0B
00
17
00
0D
00
10
6A
00
0A
6D
6C
0E
00
00
68
6D
68
6F
00
1E
6C
6E
00
00
63
00
6E
00
18
10
0A
00
6A
0B
0F
0D
00
00
6A
00
22
6C
0A
00
19
09
13
09
00
75
00
00
14
00
00
00
68
00
00
00
00
6D
00
0B
00
17
68
00
1C
15
0C
6E
14
00
71
72
1C
13
10
00
67
70
0C
73
00
20
00
0D
74
62
00
00
77
14
17
00
0E
00
00
6B
00
0D
00
11
77
00
00
0D
0C
19
73
13
12
00
00
00
00
00
74
74
56
00
00
72
20
6B
0E
00
09
00
64
00
72
00
5C
6E
11
70
71
63
00
00
00
10
0F
6C
14
60
00
75
00
00
14
00
6A
75
0A
0B
0F
70
70
00
0A
00
00
0C
70
12
18
00
5E
00
13
00
10
6C
13
75
65
09
69
00
00
0A
18
00
0E
00
00
76
00
00
00
6F
70
18
16
77
1F
00
00
13
71
75
00
00
00
09
00
13
70
00
6C
00
63
19
00
71
00
00
73
72
00
00
0D
0D
74
11
00
6E
00
10
0D
00
75
11
0C
16
0D
00
16
00
1E
0E
19
66
13
14
70
76
09
76
00
65
10
0D
00
76
00
00
00
74
22

