74
00
00
00
6C
19
00
0F
00
78
00
5F
70
00
00
6C
00
00
00
16
00
00
10
74
0C
69
77
72
6A
00
00
6B
00
6D
65
00
0D
00
00
0D
69
11
00
71
00
00
0D
69
0B
00
09
00
73
23
12
6E
00
09
00
0B
00
0A
0D
00
76
00
09
08
75
00
72
65
00
09
00
00
00
0E
08
72
74
25
00
00
72
09
15
69
72
75
6D
00
0C
6C
2A
15
75
00
5F
0D
6E
76
00
09
00
6B
0A
00
00
0E
71
0B
00
00
6F
00
10
0A
70
09
77
6A
6D
00
00
08
00
6C
08
00
0A
65
62
00
76
00
6A
1E
10
00
70
6B
00
00
78
12
00
74
00
63
00
00
09
0E
0D
00
62
00
71
00
61
0E
0D
00
00
75
74
0E
14
69
20
0E
00
6A
00
1C
00
00
00
78
13
6C
00
0A
09
00
00
62
11
13
00
73
72
77
00
6B
00
00
00
08
00
0F
00
15
0A
00
00
00
08
6D
00
74
00
00
65
00
6B
18
6B
00
00
00
18
00
16
6C
1A
0E
67
00
76
00
00
00
0E
00
61
13
6A
00
00
00
71
13
00
00
71
71
00
76
1E
08
09
0A
00
00
09
11
12
00
14
6E
00
00
0B
09
0D
00
76
0F
00
13
09
64
00
09
08
6A
72
0F
70
00
00
00
65
0A
09
08
00
10
00
00
73
0F
15
77
75
71
77
0E
73
00
09
00
0F
73
6A
00
12
00
00
00
00
00
6A
10
14
70
6C
00
00
00
6C
77
00
00
00
75
00
72
00
00
6E
00
75
00
00
13
0D
1A
71
5B
07
77
0A
1F
00
6D
72
00
00
00
76
72
00
1B
00
00
14
08
00
09
72
0C
09
00
00
71
00
75
00
00
08
64
73
00
72
00
00
12
00
00
6F
77
00
00
00
6E
73
62
61
00
00
75
69
0E
74
1C
00
00
00
75
77
00
00
00
72
71
67
00
0F
00
13
00
13
74
78
00
00
00
70
11
72
00
00
00
0D
00
0C
00
74
00
73
00
00
0C
00
16
00
73
63
75
0C
00
00
00
6F
00
0D
00
08
1C
11
00
60
18
00
5E
00
00
77
00
11
0B
00
00
73
09
78
0F
6B
71
6D
72
67
00
66
00
00
00
78
00
00
07
13
00
75
6A
6C
1B
75
14
00
19
0F
00
00
00
08
0D
74
00
0B
78
12
76
00
00
74
0A
15
0E
00
00
76
00
62
00
00
00
73
00
0D
00
00
74
1A
00
00
09
00
1E
60
00
00
00
00
00
65
08
0D
1F
70
00
18
6E
6A
72
70
00
0D
6D
00
00
00
00
00
00
00
76
09
74
00
69
77
00
00
00
00
00
19
0B
00
00
00
00
6D
00
0A
13
29
74
00
0D
00
00
00
6C
69
6F
77
6A
00
09
6A
6A
00
18
00
00
6A
1E
65
76
69
73
72
00
0E
71
00
0A
00
77
6A
1B
0B
10
00
75
15
00
76

