09
14
00
00
00
75
71
6B
73
62
77
6D
75
65
00
00
0A
75
00
0C
0B
72
00
00
00
14
00
00
0A
19
00
00
09
74
0D
00
72
00
74
00
00
00
00
00
08
00
00
00
00
14
73
00
72
09
00
75
00
00
00
71
74
00
74
6F
5C
15
72
00
00
00
00
69
00
00
00
74
00
10
00
0F
19
00
00
70
00
00
00
15
70
08
00
18
00
0A
00
00
5B
00
21
00
00
27
0A
00
0D
00
74
0A
57
00
00
00
61
17
00
73
73
73
6E
72
0A
00
0C
1A
00
14
13
00
10
76
6E
6B
60
00
0C
00
0C
73
6B
75
1C
00
00
00
65
70
73
00
6E
00
00
76
0F
00
68
67
6C
00
6D
6D
00
14
6A
6E
0C
09
00
5E
67
6E
00
73
69
18
00
6F
00
0C
6D
0F
14
00
00
09
0E
17
6E
53
17
08
00
49
57
26
15
00
12
0A
00
0A
00
00
00
74
00
00
6C
0A
00
73
70
08
00
00
72
0D
00
00
00
0B
74
1A
74
00
00
00
00
6C
76
0A
68
00
11
00
0B
77
00
00
0A
00
08
00
70
00
17
73
00
16
0D
73
6E
6C
00
00
6D
0D
6C
0A
00
00
00
17
10
00
00
00
62
00
1A
77
00
00
60
72
62
08
00
00
77
00
71
42
1C
25
00
00
08
00
5E
0A
0A
71
0F
69
0F
08
00
6E
70
00
75
00
00
68
1E
0C
5F
00
77
6D
1E
00
00
65
00
0E
00
17
00
6C
00
76
76
00
00
70
0A
74
00
77
00
00
77
00
73
74
11
00
00
00
00
6E
0B
00
71
6E
00
00
11
00
00
00
0C
00
0D
00
00
00
77
00
09
18
69
6E
64
6E
70
00
15
77
70
6C
6D
11
00
6C
00
00
6F
00
6D
00
71
6D
00
0C
75
00
00
71
00
6D
00
73
66
00
11
1B
00
72
1F
08
00
00
0A
08
00
08
00
09
71
10
10
0E
00
67
00
72
6F
69
00
00
00
00
08
00
71
6C
64
00
00
6C
75
18
74
1A
00
1C
74
00
0D
00
00
00
00
00
00
0B
6D
0C
62
00
2F
72
09
00
14
00
56
76
2C
00
71
11
1A
6C
6F
27
72
00
64
00
00
68
19
0E
6D
09
00
21
0B
71
1A
18
00
12
08
10
00
00
00
00
0A
73
00
69
00
11
75
00
00
6B
17
0E
10
6C
17
00
6D
16
75
00
71
12
0D
00
00
00
00
0C
64
0B
09
0F
6E
00
18
00
1F
70
00
00
0B
0C
6E
12
00
0F
6A
09
76
68
66
61
00
6F
00
70
6A
1F
10
68
12
00
22
00
00
6E
76
17
0A
16
0B
00
17
6D
00
00
00
00
72
00
00
00
0F
10
6B
0A
00
00
6B
77
15
00
17
0C
67
6E
00
75
6C
6C
76
6F
00
00
70
00
76
72
00
18
74
00
00
00
65
66
00
00
00
0D
62
00
76
16
00
6F
19
59
00
00
18

