0C
07
00
6C
00
00
74
00
6E
6E
07
00
76
00
63
69
76
60
67
00
57
65
0B
00
00
11
0C
0A
0D
12
13
00
15
73
00
73
0C
68
73
00
6D
14
00
00
60
75
72
66
08
00
00
6F
5A
00
00
70
71
00
16
68
6D
21
00
00
17
19
00
64
0C
0C
1E
6A
14
0B
07
69
19
00
00
00
18
08
0C
70
5E
00
70
74
22
1B
6B
17
00
74
0D
64
0C
70
6A
0D
67
07
75
00
00
00
67
71
75
6B
0C
0A
07
0C
00
0C
77
09
09
00
11
15
0D
07
00
5D
72
6A
0A
00
1A
0F
00
00
6C
08
6F
13
12
00
00
00
68
1A
6A
67
0F
00
00
00
00
00
14
13
73
00
70
0E
14
00
00
18
00
6F
6D
00
00
00
0C
0C
19
08
00
00
00
00
72
11
11
00
21
00
6C
13
0F
1D
10
70
10
00
78
75
75
00
73
09
0B
00
0C
1D
00
00
09
00
00
6F
6F
00
69
09
76
6E
67
10
76
70
64
0F
07
19
58
79
00
6C
24
00
15
1E
00
00
00
70
73
00
00
73
72
1B
64
0C
00
21
00
00
00
15
00
00
00
69
00
00
00
00
00
0C
1A
6C
5E
1D
0A
00
00
69
28
08
00
0B
6B
11
62
74
58
76
6C
0B
00
10
0A
0F
60
77
73
71
79
0A
77
76
00
00
1C
20
00
00
00
00
78
00
73
75
79
00
00
70
09
72
17
71
10
77
00
0F
65
6D
00
0A
6D
00
1E
00
00
13
65
07
00
71
00
0D
00
71
00
73
77
00
73
00
11
00
00
15
00
00
09
16
00
00
00
00
00
00
72
61
07
12
0D
77
79
00
16
09
6D
6F
0E
0E
00
70
1B
73
00
74
00
64
00
0A
71
00
6C
6E
72
00
00
00
0B
00
77
75
6F
68
77
00
0D
72
11
07
00
00
77
10
74
71
00
00
75
77
00
00
0F
00
00
00
00
00
1B
00
6C
00
78
09
69
0B
00
12
00
18
0B
16
6E
00
07
00
00
08
00
71
0B
71
00
09
10
00
00
00
0D
69
6B
00
76
16
00
77
1E
00
0F
07
00
00
65
08
00
00
00
6F
78
00
71
00
0C
10
15
0A
00
00
13
17
6E
73
77
70
07
07
00
74
00
67
70
0A
0E
79
0E
10
77
0C
64
2D
24
0B
75
5D
75
13
00
00
0E
06
73
08
0B
11
17
14
76
00
5E
06
18
24
07
0E
6E
6C
00
00
1C
28
00
08
16
0B
00
70
0E
00
00
08
0E
00
74
62
00
6C
68
00
75
0D
16
0A
0B
0B
00
00
06
0B
00
00
00
00
0F
00
18
77
0D
00
70
18
00
69
00
0C
6F
6E
00
00
67
21
06
06
76
0D
00
77
00
5E
00
00
00
69
00
00
79
73
00
00
71
21
00
00
00
0F
10
06
00
00
0B
69
00
78
20
08
68
00
77
00
77
73
1E
12
17
00
08
68
00
77
69
08
15
06
00
6C
00
00
00
00
6C
77
08
72
00
00
74
75
00
72
6B
5C
6B
6F
6A
00
00
08
0F
77
70
07
14
79
00
74
06
78
00
70
16
6C
76
6E
11
00
68
66
00
10
00
78
0B
6A
77
0D
00
1A
0F
00
00
00
11
00
73
76
07
16
78
00
23
18
74
0F
18
1D
11
00
5C
00
00
19
09
77
76
00
00
00
00
00
00
76
00
0A
0A
0F
66
1C
10
6E
00
11
0D
66
6D
6A
06
5D
5E
08
76
5E
00
15
00
14
10
00
70
00
71
6D
0C
11
78
6E
74
70
74
00
61
09
6B
00
5D
69
6F
75
0A
00
76
00
6D
5E
0D
6E
08
10
6E
00
77
0D
76
0C
00
00
71
73
0E
0E
1A
00
22
0A
72
6F
0F
0A
00
00
20
00
0F
78
6E
00
00
6B
00
00
79
09
76
5B
12
00
6F
76
00
72
65
73
00
70
00
00
00
71
6F
69
00
00
0B
1D
11
00
00
27
24
0D
07
25
70
00
00
73
70
63
0A
63
0C
72
00
00
00
00
5C
0E
17
09
67
64
71
13
00
00
12
0B
00
5A
0A
00
1F
17
14
0C
0C
79
0B
13
65
17
0C
69
77
0E
00
18
61
00
1D
08
00
00
6E
00
00
00

