00
6E
5C
6B
0E
53
5F
68
15
14
48
18
6C
00
6A
00
63
00
00
0F
0E
00
00
12
4C
00
4D
13
55
5E
00
19
62
00
00
10
19
00
11
12
15
54
1A
00
6B
10
50
00
4F
69
52
00
69
15
5D
1B
00
70
00
00
00
17
00
5A
17
6F
5D
51
00
1B
64
11
00
68
00
6B
00
00
5D
0F
5D
0F
14
1B
6B
00
1D
00
57
5B
5C
71
6C
71
6C
4F
14
6E
10
00
1A
18
10
10
0E
00
00
18
69
1E
00
6A
6E
6F
70
00
58
00
00
00
13
00
6C
69
5B
70
00
68
4B
16
68
00
61
00
00
67
00
65
11
5F
00
12
71
63
17
00
00
58
00
11
00
00
00
56
56
70
5B
1B
68
61
15
00
00
16
00
0F
68
00
00
17
00
17
54
68
18
16
56
00
6F
12
5F
59
0E
18
00
00
17
63
5C
00
00
00
00
12
15
57
00
4E
55
5B
5B
67
00
46
12
70
00
00
1C
64
65
6D
13
61
65
6B
61
00
12
70
10
52
14
6B
6C
56
51
00
4E
5A
66
00
00
15
12
1E
67
1E
00
11
10
60
19
00
00
00
5A
00
6F
00

