09
73
71
75
00
00
00
10
74
00
1B
6C
00
77
00
00
0A
6A
00
00
75
17
18
77
00
06
10
0C
00
6D
68
00
66
78
6C
0A
76
00
00
00
07
16
71
6B
13
00
17
6C
00
15
72
00
00
73
00
00
0B
68
00
1A
00
6A
70
00
6D
00
6C
73
70
09
6C
09
00
73
00
69
08
00
6F
00
0C
00
00
00
0F
00
1C
09
7A
00
62
08
00
00
20
6A
0C
00
5D
00
00
21
00
73
00
10
00
73
15
07
1A
00
0C
00
00
00
0B
0E
14
00
79
08
6B
5E
00
76
74
67
12
0B
7A
61
00
07
6A
00
00
1A
00
69
00
72
79
66
00
08
70
70
00
75
00
09
79
62
0B
00
0E
00
15
79
09
09
00
0D
00
00
74
69
00
06
79
00
11
78
77
10
0D
00
0B
18
79
0C
00
77
71
6A
00
6B
62
00
08
75
00
00
6C
77
79
05
00
08
75
0F
11
00
12
75
06
10
70
73
76
69
6D
76
75
6B
08
06
6C
00
7A
06
07
71
0A
00
00
72
07
72
74
00
69
0B
00
00
66
6C
6F
00
00
0D
06
79
00
76
6A
19
6C
00
00
79
13
00
00
00
1B
00
12
06
0F
00
6C
00
00
16
00
0C
72
08
70
6F
15
05
00
0F
00
00
73
73
73
67
1B
00
78
00
0E
00
68
09
6D
73
00
00
78
71
00
00
0B
00
6C
00
6F
0A
00
00
09
71
0C
66
00
13
00
76
76
0F
6C
72
14
61
71
70
06
18
70
08
70
70
00
72
06
00
79
78
00
78
00
09
6A
79
00
0C
06
00
00
0F
72
75
00
00
65
6D
08
00
00
73
12
10
00
74
0A
10
76
13
05
6A
71
6D
2B
79
64
19
0D
79
72
0D
00
00
18
00
07
78
00
00
6F
72
00
00
0F
76
00
00
73
73
08
0D
71
00
00
76
0C
7A
15
06
10
71
74
00
73
79
00
6F
09
08
0A
0B
17
00
76
72
6A
79
00
00
6E
0F
73
14
0D
00
00
00
00
09
5F
00
17
00
00
00
08
79
6C
09
00
16
08
18
06
67
15
6A
6B
00
00
0A
66
11
79
00
70
5E
00
0D
0A
00
00
78
14
00
14
0F
0C
10
77
1A
00
0A
69
67
70
00
00
66
00
00
00
07
69
0D
00
00
77
15
1A
71
6E
71
00
09
00
09
76
6E
10
6A
0D
09
1B
0C
0E
00
00
0C
10
18
00
7A
09
06
00
19
79
0D
00
77
00
17
78
00
0A
78
7A
1B
74
06
24
73
71
00
00
70
06
00
00
15
00
00
6B
12
0B
5F
77
12
77
68
6B
0D
00
09
00
72
00
79
78
70
72
73
67
00
73
74
72
00
72
00
6A
00
76
68
00
00
77
69
6B
06
6B
59
78
72
23
65
78
6E
00
0E
00
0E
6D
0E
00
00
70
00
75
6B
00
11
0A
6F
0D
70
1A
0A
77
00
77
6B
74
00
0D
00
6E
10
00
08
00
76
12
7A
08
0D
76
74
00
12
77
6E
08
09
00
16
14
11
05
06
75
00
00
6D
00
00
00
0C
75
00
06
6D
78
75
0B
74
05
76
0C
00
65
09
00
00
00
0F
09
00
73
6C
07
09
08
1B
10
74
00
75
00
00
0F
10
1D
0B
6F
07
75
06
72
00
1A
5D
78
00
0B
09
09
0F
1B
00
77
00
00
22
00
11
10
71
75
10
06
10
0E
77
1A
00
00
00
00
09
00
00
1D
6D
11
14
07
06
77
76
00
10
75
00
6E
69
00
69
77
00
70
6E
00
00
74
76
06
00
00
6A
0F
10
00
00
00
77
74
00
78
06
14
76
09
00
1C
00
0F
79
09
75
70
0F
64
66
0E
00
72
00
09
13
74
00
00
0C
00
0A
6B
05
00
71
07
00
6D
00
00
0B
6C
20
71
00
00
6E
00
77
00
00
55
0F
00
61
16
74
77
00
00
00
00
0B
14
06
00
00
06
77
00
71
76
66
09
69
00
00
00
71
15
64
10
73
05
00
00
00
6B
21
0E
09
71
6A
16
0B
76
00
77
74
74
00
14
72
1B
00
75
15
07
11
2F
08
00
06
07
74
76
08
00
15
00
76
14
19
6E
66
07
6C
00
00

