17
63
14
00
6C
16
78
74
6A
5B
6B
70
15
14
78
00
61
61
00
00
77
00
12
1F
00
00
17
0F
6E
73
71
00
61
6A
5E
00
76
67
68
76
76
0B
6F
74
11
09
10
73
76
00
6E
17
09
00
00
00
70
08
00
79
0D
74
65
00
72
0A
6F
11
00
00
13
00
18
1E
07
77
00
00
11
0C
79
08
00
0E
73
00
6A
13
76
0D
73
15
16
72
6D
0F
0B
1B
78
69
74
2D
00
72
1A
74
63
6F
6E
69
6D
78
0D
6B
00
00
71
71
0A
6A
68
0F
00
09
00
74
0C
00
78
00
12
00
0A
72
00
76
0E
6C
78
0B
0C
00
67
79
00
00
00
75
07
00
74
76
11
6E
74
70
06
00
0E
00
19
00
12
0C
10
0F
79
12
00
00
00
74
00
0F
06
07
00
00
79
70
00
00
00
75
00
00
19
0E
09
78
24
00
5C
73
19
6A
00
00
00
6A
00
78
00
6F
13
06
67
00
78
76
00
00
5D
6E
00
13
0A
15
00
0A
0C
00
00
00
00
0B
79
00
70
00
00
74
79
79
13
78
0C
00
6E
00
6B
19
76
73
71
00
00
0B
00
78
0F
0D
00
79
00
15
79
75
15
07
00
00
71
69
00
10
00
00
76
00
0D
6E
00
00
00
08
79
1D
71
1F
12
64
0D
00
09
00
10
07
09
00
00
0F
13
00
00
69
00
00
79
73
78
70
15
6C
00
0C
0A
0D
0F
00
66
6D
6E
00
00
00
18
07
71
6C
07
00
07
0E
1B
00
77
00
15
00
00
20
00
75
00
00
00
00
00
17
00
05
6B
00
77
13
00
75
0B
76
71
00
00
07
09
0E
00
69
00
6E
07
16
6B
0C
08
71
12
69
00
75
00
0A
74
6E
72
19
00
5D
1B
1C
72
00
00
07
18
00
00
0A
00
00
06
62
73
75
00
78
79
00
5F
00
16
5B
09
68
1A
10
0F
72
6E
09
00
79
1C
00
06
1E
6D
0B
00
00
10
15
6F
69
17
00
00
77
0D
76
00
00
17
1A
00
0A
00
23
00
13
78
00
00
00
08
0A
71
18
00
76
0F
07
00
2E
6B
63
00
77
0E
5C
77
0B
00
00
00
78
6C
64
08
0A
00
74
6D
74
6B
75
5C
6E
09
6E
7A
07
73
00
00
00
71
00
00
00
00
00
00
00
10
06
6F
78
00
00
71
00
07
00
07
00
78
00
00
00
0E
18
07
65
00
00
08
00
00
00
79
12
00
2A
78
70
00
07
00
23
0D
0F
6C
00
00
00
17
13
11
78
64
00
00
0C
00
09
0C
07
6B
00
11
00
00
62
00
7A
76
6F
73
00
00
78
0D
00
06
0D
6B
00
09
6D
6D
71
08
00
00
0D
0E
11
75
0D
00
00
0F
00
79
00
00
00
6A
79
00
00
08
00
12
79
00
16
73
00
65
0E
76
08
00
0C
00
07
78
00
74
00
12
00
00
00
08
78
73
79
59
0F
00
11
00
05
00
73
76
78
73
75
00
00
58
0D
00
76
77
72
68
73
78
74
00
07
00
76
13
0C
75
00
76
69
6C
74
00
0B
00
78
00
78
19
71
0C
5E
00
17
6E
6E
7A
17
10
0F
0F
77
09
0E
76
00
0F
1E
79
6B
00
1B
00
1B
17
00
67
08
00
00
6A
06
79
74
00
00
09
00
70
0D
0B
00
79
65
00
72
61
0F
10
73
10
00
67
1B
00
79
16
00
70
76
1F
07
77
00
0B
62
16
68
00
00
68
0F
71
00
78
73
6D
6B
67
78
6D
76
76
00
00
08
00
16
71
12
65
0B
6E
00
00
5E
16
00
64
16
70
77
0F
73
00
0A
0E
0C
00
0D
6C
0F
7A
00
00
00
00
14
74
00
00
00
77
75
10
00
0A
79
0B
00
00
00
10
6F
00
00
12
13
07
1B
05
71
08
16
07
00
0C
15
00
59
00
06
08
78
74
00
6D
6A
76
00
78
0E
72
00
00
00
66
00
00
00
00
00
7A
0B
73
74
00
6A
0B
00
0B
0D
09
05
68
08
0D
0D
00
72
79
06
07
6E
7A
05
00
7A
0D
67
0E
0B
15
6D
10
00
00
00
75
00
00
00
11
11
15
08
10
0A
16
71
74
18
77
0D
6C
11

