00
00
71
15
11
5B
00
00
66
6C
00
2C
6F
00
00
5E
5A
00
61
0A
00
1E
0F
0C
77
1D
14
00
1F
07
14
1A
0A
17
17
76
1D
00
07
72
00
0D
06
07
00
09
00
74
6B
0D
0D
68
12
71
17
12
00
0B
0E
1B
64
00
10
00
79
25
12
77
0C
00
00
5D
0A
0E
11
72
11
00
07
5D
27
00
0F
0A
00
69
0D
6F
75
0E
07
00
13
00
00
0D
00
19
0C
73
0B
12
00
00
13
07
6A
70
6D
78
6F
10
00
07
6D
00
09
63
76
69
00
0C
0D
00
06
0C
78
0A
0F
74
1A
6F
0E
00
06
6B
72
00
19
0B
14
77
00
00
00
0D
00
61
00
0B
12
77
0F
00
77
00
13
65
20
77
13
11
00
00
73
0D
00
06
07
19
00
0D
69
61
00
0A
00
70
00
73
0B
79
00
6B
00
1B
77
0C
00
74
00
13
65
00
00
72
07
1A
00
67
00
00
6D
68
00
00
00
09
00
65
00
00
72
0E
00
00
65
74
00
77
00
73
08
0C
18
16
71
63
50
10
0B
6A
60
6D
00
5B
18
00
73
09
5A
00
00
75
00
00
00
6D
00
12
78
00
62
5C
63
00
78
00
6C
79
08
07
00
66
6D
1C
77
00
08
70
00
76
70
71
00
00
00
0A
00
15
0C
68
69
00
77
67
71
06
15
00
00
12
73
0E
10
09
0A
06
00
00
00
72
00
6A
17
11
6A
75
75
0D
71
77
00
70
00
10
0F
12
00
73
74
18
09
00
18
00
00
67
09
00
00
15
0E
00
00
00
75
00
07
0C
70
00
6F
07
0D
00
71
0F
13
78
76
78
0B
0B
72
09
0B
78
00
65
72
00
72
0B
73
72
1C
0E
0B
00
0D
75
00
65
53
00
75
00
08
13
0A
0F
22
19
0F
00
13
0F
00
00
00
00
00
00
00
73
00
0D
11
65
77
64
0E
70
00
00
00
0D
6A
00
09
78
00
67
16
0D
00
78
00
00
00
79
63
00
24
00
6F
18
13
07
67
63
00
17
67
00
00
76
76
07
00
69
70
73
0B
0C
08
00
1A
00
00
0A
10
22
73
5D
71
73
6D
68
71
00
79
74
00
0A
0E
0D
0C
0F
07
73
09
00
6F
78
77
00
0C
08
76
71
00
00
08
06
12
00
00
73
75
1F
74
72
71
09
0C
10
0C
0A
77
6A
71
6C
0D
6A
00
0B
00
0B
00
1D
0D
00
00
78
5F
68
0F
23
75
78
15
1B
66
78
73
13
66
75
00
00
71
6D
09
09
1A
13
75
00
79
6C
79
00
00
00
00
00
73
08
0E
00
71
6F
00
00
76
00
08
00
77
08
76
00
75
17
00
69
6E
6A
6F
76
09
6C
0D
00
1B
1A
66
00
00
0F
0B
63
68
0C
0A
6C
6E
00
00
0D
0F
00
09
0A
00
08
00
66
64
11
00
00
00
13
71
10
75
16
73
0F
10
00
00
78
00
00
75
73
5F
17
08
00
09
57
00
15
69
0C
15
6D
76
70
79
15
11
00
5F
76
69
77
76
78
00
0B
1D
00
00
0B
00
00
76
00
0D
00
00
07
11
15
74
00
72
0B
0B
6E
60
10
6E
75
13
15
71
00
66
77
08
00
00
10
0F
00
72
75
00
20
00
06
00
00
69
00
00
0D
6D
76
69
00
00
00
77
00
64
19
1D
12
00
75
0B
00
00
00
00
71
6B
77
72
61
74
00
68
08
00
00
08
0F
19
00
0F
00
77
00
6D
10
00
00
10
10
10
0B
00
09
00
0C
15
11
00
0E
63
00
11
0A
00
0A
00
70
0F
00
0D
63
78
5D
00
00
71
0F
10
00
00
00
78
1A
74
20
00
00
00
1B
25
00
00
00
1D
61
0B
76
66
66
19
16
0B
79
21
11
14
0C
65
00
00
65
06
76
08
00
0B
00
6C
00
72
00
77
08
06
75
60
0F
00
61
73
6F
6A
6D
00
00
6F
00
00
00
0D
07
71
00
77
06
77
1C
00
68
6B
00
07
6F
06
60
00
00
71
75
74
00
14
06
00
76
6E
15
00
00
76
0E
00
5D
14
00
1B
0A
16
00
00
1A
0E
18
69
78
00
0C
00
0E
00
18
00
16
06
15
6C
6A
0A
00
76
10

