75
00
07
6D
6B
6A
00
5E
6F
07
00
00
00
74
0D
09
06
66
76
00
00
74
00
18
00
00
78
00
1D
21
12
77
00
00
00
00
68
00
0E
1D
09
00
0D
70
71
76
00
78
0B
08
0F
0D
00
16
1B
6C
77
77
6B
00
00
17
68
0E
70
77
00
0A
64
00
00
78
0C
00
76
00
0C
75
00
15
0C
68
6F
61
0F
0F
74
00
6C
13
66
77
00
0A
14
78
0E
00
75
00
00
00
0E
75
6E
00
00
0C
06
00
00
0A
6A
09
18
00
00
00
00
60
70
16
0F
78
70
00
00
74
00
07
00
00
2C
0E
22
07
61
79
6C
17
12
67
1B
12
15
15
00
0D
70
00
1B
75
72
69
00
6C
74
00
00
69
6A
62
6B
00
6E
08
00
68
06
00
6A
79
00
12
63
11
06
08
00
60
10
78
73
00
00
00
00
76
75
00
11
60
57
07
6A
6A
10
0A
77
68
00
79
08
78
00
77
6E
00
00
6A
00
00
00
70
73
00
72
0B
18
0F
00
0D
1B
00
24
6F
6F
59
77
69
63
00
18
1D
70
1B
0E
00
72
00
00
71
6D
0A
00
74
23
6C
06
6E
62
00
00
5E
0A
22
00
1B
5E
00
00
00
00
64
72
67
5F
79
00
00
6C
79
08
08
77
00
78
2F
71
71
0A
66
6D
6F
00
71
1F
07
10
78
73
06
14
15
00
00
00
78
00
71
63
00
77
77
0A
00
14
12
00
13
00
62
0B
06
6D
06
00
0A
07
00
08
0A
00
76
76
64
19
71
00
74
77
00
00
0B
74
16
00
73
00
00
00
71
14
00
74
12
16
00
79
65
71
0D
6E
75
07
71
12
69
00
6F
73
00
73
1C
0C
08
0B
0F
0F
0B
09
06
73
71
68
78
08
07
00
00
06
18
00
77
00
70
0E
79
72
76
08
11
00
6B
72
75
1C
00
0D
78
00
00
09
73
61
0A
74
6A
0C
74
00
18
00
0F
00
79
08
08
00
73
09
30
00
0D
24
6F
76
60
18
0A
00
00
76
18
0A
0D
07
17
68
20
5A
00
11
6B
69
00
75
00
00
00
79
6B
76
76
00
00
63
73
00
00
00
6F
71
00
73
00
00
79
0A
00
18
1F
19
72
1B
24
71
00
6E
69
00
00
77
72
00
16
13
15
0C
0A
0B
0A
64
68
74
73
00
6E
08
09
20
00
00
07
1A
6C
0B
0A
00
00
0B
14
73
73
60
6D
61
72
76
00
0F
00
06
00
06
00
00
67
00
77
0C
14
75
6B
00
06
07
00
00
26
0D
1D
1A
71
18
75
6B
77
63
13
08
10
00
79
00
67
00
00
6B
00
74
6C
70
6E
70
68
5F
00
00
15
09
76
00
66
00
00
6A
13
00
72
71
00
0E
00
5F
79
0F
73
78
00
08
00
2D
0B
00
00
0C
13
70
00
10
6C
00
0B
76
78
06
14
00
6A
5F
00
0A
79
0A
0A
00
1D
64
6F
0C
17
6D
20
6F
77
78
00
5F
00
70
6B
63
00
75
5B
00
71
5A
77
0C
0B
09
00
06
77
00
73
10
00
08
18
11
1F
00
62
79
61
65
72
6A
07
6C
28
0F
1A
08
22
10
07
6A
0C
73
16
6E
71
00
00
11
10
2B
0E
00
77
00
07
67
65
00
15
1B
77
09
6E
6D
71
5B
78
59
00
00
13
09
57
00
00
6C
0D
61
00
00
5B
0D
00
18
08
00
00
77
0F
07
6C
0E
07
06
71
77
12
00
62
69
00
00
0B
00
00
77
1F
77
00
00
00
12
0E
73
5D
0C
00
73
72
17
71
00
0D
00
19
14
00
0D
00
6C
0B
67
77
00
0E
13
06
00
00
00
0C
00
15
00
07
00
0B
78
09
1F
10
00
00
00
0B
00
00
0D
00
14
14
62
0D
6F
06
77
73
0F
73
00
00
00
15
62
79
0B
00
10
6C
79
75
78
6B
5F
6B
0A
78
00
0B
17
75
06
08
6A
0F
00
0A
12
1B
13
1B
00
07
09
00
64
64
00
6F
6D
00
08
16
1A
00
00
00
6A
00
66
00
00
77
5C
6A
14
0D
13
00
00
00
0B
18
61
00
15
00
00
00
0B
00
72
6D
6A
10
00
00
0B
00
00
00
00
66
00
75
00
00
00
07

