74
00
76
00
00
00
00
00
00
00
09
72
1B
00
6B
6B
6E
00
00
1C
00
65
76
69
07
00
07
72
00
6F
72
78
00
6F
10
00
70
00
06
0E
0B
00
00
00
1B
74
00
00
15
00
00
0F
77
00
00
11
10
10
78
16
64
13
6F
00
00
0F
00
09
00
06
00
74
00
00
00
06
12
15
75
71
0F
09
00
74
00
75
13
74
00
74
65
73
00
0B
14
77
00
00
71
00
00
08
0A
00
69
08
00
78
1A
6D
09
00
6C
10
09
00
00
74
11
07
73
00
09
1A
76
00
78
75
00
00
00
77
78
6C
00
1C
07
00
00
74
00
00
00
00
00
00
73
0B
09
74
0A
78
0F
00
78
07
0B
00
6C
79
00
00
00
00
64
6F
18
00
68
0D
71
07
00
00
00
67
08
00
78
00
00
00
75
73
78
0A
75
0C
06
0D
07
07
13
13
00
75
74
74
5E
78
13
71
00
0D
18
74
74
00
6D
0B
09
0E
00
0F
00
00
00
00
0C
75
00
00
07
6E
00
6C
00
0A
00
00
70
70
77
77
00
71
0B
16
00
78
11
00
15
0C
07
0F
11
71
07
0A
00
0C
72
72
00
15
79
75
0D
0A
75
12
16
00
15
00
15
71
00
00
76
06
76
19
1D
17
06
00
75
0C
16
00
00
00
00
1E
00
00
67
10
0E
70
00
00
72
68
66
78
6D
76
11
00
00
15
00
00
16
00
0A
6C
00
23
08
76
73
07
0D
00
79
76
1B
00
00
1F
00
76
0E
6C
76
0B
6B
73
00
0A
77
62
0F
73
00
00
00
16
77
0F
00
0F
62
0C
00
09
00
00
00
3B
07
00
00
78
74
00
0D
12
73
70
06
0B
11
65
00
07
0F
00
65
00
73
13
10
72
08
6E
00
00
00
70
12
00
70
07
00
70
6E
73
00
08
78
79
71
10
5E
65
00
6D
71
73
2A
19
06
00
5C
68
15
6E
0E
00
76
06
76
07
00
13
00
00
74
61
15
00
00
00
09
07
6E
00
10
00
00
79
10
0D
0A
00
72
6E
00
62
14
00
09
14
74
09
64
00
77
64
09
16
1B
10
5C
0B
00
00
77
0B
1B
6A
0F
16
08
73
74
0C
14
71
16
00
00
79
6F
13
75
00
0F
00
0D
6E
00
00
06
00
5D
00
5F
17
64
00
00
70
75
07
00
07
0A
6E
09
75
08
11
00
76
6A
74
00
14
14
15
55
00
00
72
76
0E
07
19
69
23
00
09
75
62
00
10
06
12
6F
00
00
0F
07
0C
0F
61
75
74
10
79
00
0D
00
00
74
6D
10
28
11
68
13
0D
00
00
16
00
00
0C
6D
00
6D
62
57
00
13
15
00
17
00
73
6B
77
13
77
00
79
00
70
00
77
62
76
00
70
27
12
00
00
0B
0D
78
76
00
00
70
0D
64
23
77
07
0E
11
13
00
07
00
0B
76
73
06
74
68
78
00
14
00
00
00
72
00
6A
00
60
0D
00
68
79
17
09
00
07
6B
00
63
00
76
06
09
00
16
65
78
0B
00
1A
00
08
0E
06
79
00
07
78
00
73
00
19
00
00
63
69
74
65
07
62
0A
12
70
71
67
6B
75
00
0F
17
71
24
69
1C
6D
1F
1E
10
00
0F
00
19
00
0C
07
00
1B
00
1B
6C
07
74
00
16
0E
76
08
00
12
67
1F
0B
6C
14
00
00
77
75
10
77
00
6D
00
6C
74
79
00
0B
00
00
6A
00
1F
1A
78
11
76
0D
09
73
09
22
0E
09
73
09
72
6F
6B
00
75
6A
10
6A
77
18
71
1A
0C
70
00
75
00
15
13
00
0D
00
0D
61
77
6B
15
0B
19
08
15
24
00
6D
6F
06
6B
00
00
00
6D
00
13
1E
73
0A
72
14
08
74
00
1B
74
00
11
71
0C
74
00
70
00
77
6A
11
14
00
77
1B
00
00
00
00
73
76
00
00
0E
13
00
74
0C
08
00
12
75
16
17
10
00
14
00
6E
08
78
00
00
76
0D
16
73
76
70
1C
0E
00
77
5B
09
00
0E
09
1A
00
79
63
00
0C
10
06
0B
11
00
0E
00
1E
72
09
00
09
00
20
00
10
0D
09
00
00
75
6F
0D
14
72
00

