79
77
76
6F
6B
19
18
12
06
0F
68
67
69
00
14
14
77
00
77
0C
71
0C
00
73
07
08
6E
00
73
00
19
00
00
72
0B
0A
7A
76
0A
00
00
0B
00
00
00
00
00
77
13
11
00
00
06
00
00
6B
08
0B
77
08
6E
72
00
10
77
08
0C
78
72
07
09
00
00
00
0C
77
72
0B
75
77
77
78
00
0C
15
00
72
13
08
74
12
00
0E
6A
00
72
65
0F
00
00
00
00
77
00
75
73
06
00
69
12
78
6D
08
00
07
75
07
00
0A
76
23
0A
17
6D
05
00
00
78
75
08
14
00
17
0D
07
76
71
00
18
0C
65
00
74
12
05
00
0E
68
0D
72
06
00
0C
0F
11
00
0E
70
10
0D
6F
14
00
00
79
00
76
0C
65
70
06
09
00
08
00
00
6C
73
00
00
06
00
00
00
6F
00
15
78
00
08
17
10
6E
72
08
76
00
00
6E
72
00
0D
00
71
73
71
0C
72
72
00
62
00
66
0A
00
0B
00
00
09
13
16
00
72
06
78
00
0B
63
0D
13
70
76
12
79
11
17
00
62
18
00
00
09
77
71
00
71
75
20
06
0D
06
08
79
13
77
79
70
0F
06
73
76
07
00
79
00
0B
0D
76
75
72
7A
08
13
00
0D
77
13
59
08
00
00
00
00
00
7A
72
72
78
10
6F
10
08
76
0A
09
00
76
74
14
00
17
00
08
17
07
73
71
00
73
73
0D
09
6D
12
08
12
13
78
0C
15
06
6A
75
6B
75
79
70
71
77
6E
00
00
0A
16
12
75
09
00
00
6B
73
07
78
0E
00
0F
0C
00
6F
08
0E
00
78
00
00
65
07
00
6D
68
77
00
18
11
72
0B
71
71
00
13
0C
00
0A
09
08
1F
72
00
09
73
6F
6A
14
72
00
07
07
08
00
71
07
00
17
73
11
6E
0D
06
73
08
0F
00
00
0A
11
00
00
0D
00
09
00
0D
00
05
72
6D
00
73
00
73
00
79
00
00
08
71
00
09
6B
00
1C
08
0D
05
06
6C
08
0A
76
00
73
0B
72
00
6F
00
00
72
00
00
0B
77
00
00
00
00
0E
00
08
1A
64
71
00
00
00
78
06
0C
78
08
12
16
76
14
79
00
00
06
71
00
00
00
0D
00
00
00
72
0C
70
0E
72
09
73
09
00
0B
0D
74
10
10
00
6B
13
10
77
00
0F
1C
00
11
0E
75
74
0C
0D
09
00
0C
0B
00
00
00
78
05
00
0C
15
70
0F
64
00
73
71
1A
00
10
72
6D
00
00
0F
16
00
00
0A
19
67
00
0F
6C
78
0C
09
78
14
07
00
14
0F
00
00
0A
10
00
74
00
0B
0D
6C
16
0D
12
08
00
05
71
72
0B
10
00
75
07
74
0E
00
69
00
1F
0C
0A
00
0C
0B
00
06
0D
15
00
77
00
0A
00
00
0F
08
0A
00
00
0D
11
12
00
64
06
16
79
74
75
00
00
0F
64
00
00
0B
00
00
5F
56
00
7A
12
57
22
00
0A
66
69
0F
00
00
72
0D
79
76
00
11
6D
0A
06
07
74
70
78
00
0E
6D
00
00
67
79
07
09
00
76
00
05
11
7A
67
00
00
6B
09
76
79
79
74
09
00
0D
6D
00
79
09
00
76
00
00
79
71
71
78
73
00
09
07
0C
0C
0C
79
0B
70
00
13
00
0B
70
00
0B
0E
09
07
14
7A
07
00
68
06
77
00
77
77
69
73
00
05
79
00
0F
79
07
6E
1B
70
0B
00
0F
70
00
76
0F
77
10
6C
6C
7A
00
00
00
0B
6B
15
00
0D
0D
00
00
16
76
0B
0F
07
76
72
0C
00
00
5E
00
79
00
73
77
06
00
08
74
6E
00
16
08
00
0B
00
00
75
00
79
13
15
71
78
00
78
00
6D
0D
6D
00
19
77
66
68
08
08
1C
6E
00
0E
05
1A
00
0A
00
70
69
08
12
72
78
79
6C
0B
72
00
76
07
00
70
75
00
75
6E
18
00
00
00
12
11
10
06
00
07
5A
15
10
73
77
08
00
70
15
00
0A
00
0E
00
07
00
78
00
0E
6D
73
00
00
68
79
00
71
06
00
05
00
6C
00
79
00
5A
77
00
75
00
0B
77
00
00
68
71

