4C
00
00
14
51
17
11
6B
1D
19
1D
57
68
00
00
58
00
62
5B
5F
55
00
1E
00
00
55
00
20
00
00
10
48
6A
00
14
6A
5D
17
5F
00
5C
00
68
00
59
4D
6C
14
00
00
12
6C
00
61
00
00
16
5F
55
00
5E
69
22
10
5E
00
00
1A
68
60
00
5F
0E
15
11
00
00
5F
00
52
55
00
62
5F
15
5B
6D
16
10
0F
14
00
17
00
66
15
58
00
55
00
00
16
00
00
6F
19
00
69
62
10
11
5C
70
61
6D
52
17
23
00
65
0E
00
00
5F
0E
69
1B
58
00
68
16
4F
00
4F
57
6F
61
69
6F
6B
64
1B
5A
53
6A
4F
00
00
00
0F
00
18
14
00
14
1B
4F
16
19
59
1A
63
23
00
00
5C
00
63
17
6E
11
6D
00
00
5C
00
00
56
5D
64
12
00
13
70
61
23
61
00
4E
71
6A
00
5F
60
00
58
00
57
00
00
18
68
55
13
70
5E
00
00
62
19
00
5F
00
1B
53
00
18
0F
4F
6D
60
17
66
1C
00
16
50
16
00
70
00
62
53
52
00
52
00
5C
00
71
11
00
00
00
59
00
52
17
48
4F

