07
10
00
00
00
60
00
6C
72
00
00
00
69
09
07
00
14
73
73
17
00
00
10
09
16
72
77
15
0A
07
15
10
1D
08
18
0F
6E
00
00
00
0E
11
07
00
00
6D
00
1E
77
00
6A
00
60
00
75
71
00
0B
67
76
76
17
08
70
77
00
6B
11
00
00
74
00
00
1A
00
11
08
78
00
00
00
6E
0D
6D
14
14
6E
00
00
08
00
0A
00
00
0F
00
09
00
00
6A
78
29
1D
70
14
06
6E
77
07
65
68
14
71
00
00
07
78
70
72
69
00
24
12
00
78
00
77
74
6F
0F
00
0D
14
79
16
00
73
00
0E
21
1B
6C
00
17
78
0B
6D
0C
60
00
08
00
70
58
0F
00
78
73
00
00
0A
67
68
0D
00
00
00
64
0F
6E
08
08
06
74
67
12
00
08
0D
64
00
70
00
20
16
26
0F
1E
11
17
21
75
71
1D
00
09
11
17
76
6E
74
68
00
6A
75
67
00
00
6D
23
06
0A
18
00
12
00
72
00
28
0A
1B
06
16
15
14
6C
75
69
6F
00
78
6F
0E
79
6A
00
74
71
67
15
6F
5A
79
07
00
0B
00
75
78
6F
76
78
00
71
00
24
0B
0B
5D
20
77
15
00
66
66
00
6C
00
6A
07
76
1A
0D
78
2B
00
00
0E
0B
0B
10
0E
6C
00
0A
79
0D
76
6E
72
74
0A
00
74
06
73
00
64
14
23
0A
1C
15
00
0E
76
13
00
06
06
08
69
0F
06
76
76
00
00
00
77
00
19
73
69
0D
11
15
78
18
67
74
18
00
00
63
13
76
66
00
6F
00
60
79
0B
72
00
0A
67
75
6F
73
65
72
0D
09
00
00
67
6D
6C
00
14
75
06
0A
69
26
1D
1D
26
0C
15
12
00
00
15
78
67
19
00
00
75
00
74
65
6D
0D
00
15
18
11
00
12
0D
0F
00
0D
00
00
0C
78
00
10
0A
00
10
00
78
75
07
62
6E
0F
74
21
6F
10
00
18
00
00
20
56
0C
10
65
71
72
00
0E
06
68
00
74
09
0A
61
00
12
23
60
00
10
71
00
78
00
0B
75
77
79
10
00
74
21
1A
70
07
00
00
14
6B
00
09
66
0F
00
69
00
74
00
14
07
0E
0D
0F
68
15
73
72
13
08
78
0B
08
07
00
79
19
0F
78
6D
6E
6F
00
00
74
6A
00
00
1C
78
0E
6F
0E
6F
20
00
00
10
78
00
13
00
00
61
70
09
00
0D
74
11
0D
11
0C
79
13
71
0C
00
00
00
66
00
00
00
6A
6F
78
0D
00
0A
0C
00
13
07
72
6A
77
00
0D
12
00
09
0B
67
6C
69
67
00
0E
06
73
00
76
76
00
15
00
19
16
77
00
78
70
08
00
00
72
6D
00
15
0D
00
6A
5B
00
72
08
76
09
77
0F
76
79
0D
0C
0A
00
18
0F
66
0A
00
00
15
09
08
00
08
00
68
11
73
0F
00
00
19
00
00
0C
00
78
00
09
75
00
71
10
0E
00
00
6D
1E
67
61
00
66
00
00
0B
68
0B
19
68
77
0A
10
00
71
00
00
00
0C
6D
13
00
76
73
00
72
6C
08
18
1F
00
00
18
00
00
00
00
79
08
00
5F
00
71
00
06
28
09
00
6B
0E
0B
71
6B
68
6A
0E
0D
07
00
74
72
08
0C
74
6B
10
06
00
75
00
0A
78
00
00
00
00
64
00
00
00
06
11
77
75
08
00
0C
00
10
16
00
17
77
14
15
00
10
63
6C
00
74
00
09
76
00
00
0D
00
11
00
71
11
09
73
0A
19
09
0F
00
07
0B
00
00
72
75
11
00
0F
76
77
08
00
00
0E
0E
00
0F
79
79
08
6A
71
00
00
00
15
19
6B
10
73
6B
00
00
77
10
00
10
5C
0E
0D
79
00
00
00
07
00
00
12
06
0A
79
00
0A
06
09
78
67
0F
5E
5A
00
00
00
0D
74
12
00
00
68
00
00
0B
0A
07
77
00
12
00
06
00
6C
0B
78
0D
00
73
12
10
00
00
00
06
18
77
00
00
15
00
5A
00
00
00
0E
20
76
00
00
00
11
5D
00
75
00
1E
00
07
0E
6C
6A
74
00
6F
71
09
08
0C
00
00
07
74
00
74
73
77
70

