00
79
15
00
00
73
00
76
10
00
73
11
25
72
6A
78
76
12
00
00
00
75
79
00
06
08
08
00
00
6F
78
6C
00
0B
72
78
00
14
72
00
00
09
72
00
11
6F
6F
00
00
77
08
14
78
00
72
00
32
00
78
00
00
0C
00
00
08
00
6F
08
64
07
70
00
73
00
15
00
0E
71
75
6B
00
75
08
0F
08
00
2C
0F
69
6C
71
00
75
16
00
0B
00
00
00
06
00
0B
15
12
70
19
72
7A
00
00
11
79
07
00
00
0C
11
00
13
19
16
00
72
07
00
0A
00
1E
0C
12
69
00
00
12
6E
6D
00
74
72
00
00
00
74
77
11
09
00
0F
73
0B
73
05
0A
09
00
74
10
0F
6F
00
75
74
09
10
00
00
67
08
0F
72
70
76
00
00
77
00
16
73
0F
10
07
0D
6D
77
6E
07
00
74
00
6E
06
76
62
0D
76
20
6F
09
00
00
0C
00
14
0E
00
00
12
11
0D
11
0B
00
00
0A
11
00
07
00
71
13
00
70
6C
08
06
74
11
11
70
6C
09
77
7A
77
73
0D
00
07
62
00
7A
0A
00
00
77
70
11
75
73
72
00
71
69
70
73
0F
74
76
00
78
08
78
00
0D
79
6D
13
78
00
6F
07
00
00
6B
0F
00
07
73
00
14
00
5E
00
08
00
0F
64
00
14
71
14
09
12
00
0E
00
75
0A
11
13
07
74
06
00
09
74
00
74
75
7A
00
6C
00
00
00
00
00
06
00
16
6F
00
6A
00
00
0B
67
0D
77
00
1A
08
7A
00
70
12
00
00
16
06
09
00
6C
08
09
70
20
6E
70
74
00
00
77
56
11
78
00
12
1B
06
6C
55
00
00
07
0C
73
6E
00
6C
72
10
76
70
74
00
00
0F
09
10
0B
00
78
00
0A
0B
08
18
79
00
6B
77
72
00
00
79
75
00
08
06
08
6F
72
68
77
69
78
00
12
73
00
00
00
00
77
71
00
77
00
77
76
12
08
00
00
08
19
6F
00
76
78
78
00
00
11
06
73
6F
11
71
00
00
0E
20
0A
76
00
78
6F
00
1E
0A
00
66
0C
27
0A
65
00
0D
12
13
00
18
06
07
00
16
10
75
79
1A
77
77
00
00
6D
72
00
00
00
74
00
00
72
72
07
00
77
00
6E
71
12
7A
00
0F
00
72
24
0B
78
0B
00
00
07
00
0D
0B
75
75
00
00
72
77
00
73
72
00
77
00
70
00
0B
06
71
00
14
10
0B
10
74
78
08
64
6F
07
00
0E
6B
00
0B
78
00
77
79
0F
67
00
74
00
09
78
0C
79
00
00
00
00
00
00
71
00
00
00
10
6E
10
0C
00
00
00
0E
00
09
08
00
1C
1C
61
79
00
6F
75
19
08
63
11
00
70
6C
55
06
79
00
78
07
76
13
00
0B
07
0F
63
08
07
00
00
00
62
00
0A
0C
00
72
74
00
73
71
14
71
56
00
69
79
65
06
0C
08
00
15
0A
6D
14
6A
00
0A
15
08
0A
00
6F
00
1D
00
00
08
5F
00
6D
00
70
07
07
00
60
00
00
1C
00
00
00
72
78
0F
78
00
76
0B
08
0C
00
00
6F
00
74
0B
71
00
00
71
69
00
09
79
72
67
0A
70
0B
00
0E
06
68
7A
0F
76
77
76
73
74
12
07
00
00
00
75
17
09
00
00
76
74
00
00
71
00
1A
1C
00
0D
00
00
71
72
07
00
75
0C
00
6E
00
75
00
0A
70
0E
00
00
00
72
00
76
0F
00
00
06
75
71
00
11
16
10
00
79
7A
11
73
77
77
0C
0B
7A
0F
0A
0A
67
00
00
00
68
09
73
1E
68
6F
10
00
64
00
00
00
0E
70
0F
6D
08
09
72
07
0A
00
0D
68
61
0F
08
14
6D
5D
00
64
07
0E
76
73
00
18
73
00
00
0A
0B
60
76
69
00
11
62
11
00
72
79
00
00
14
00
74
0F
00
77
00
09
74
6F
0A
6E
00
76
00
71
00
79
00
75
06
00
0A
71
73
00
00
00
61
6A
73
17
72
07
07
00
0B
72
0D
06
09
0D
00
08
79
0A
00
00
0E
09
0E
00
73
07
0A
17
72
73
00
00
6C
6C
00
76
0E
0D

