09
13
08
6D
00
00
00
66
5E
73
00
09
68
71
0A
07
11
78
00
06
70
6D
0C
00
72
0C
0A
72
19
13
00
19
00
0B
00
00
00
00
79
76
78
6A
09
71
00
5F
0D
00
00
72
16
15
72
6D
15
78
65
00
6C
09
75
1E
00
0A
00
66
78
72
68
75
00
6F
0C
69
75
77
78
0B
6A
0A
00
00
06
72
08
0F
09
13
08
76
78
00
0A
78
1A
06
66
6F
06
00
57
00
00
63
79
00
65
0C
73
00
00
00
5C
71
00
07
74
08
00
73
6D
6F
70
00
00
00
5F
6E
60
10
00
09
1A
0C
24
75
69
79
00
0B
13
06
00
0F
00
00
00
08
6F
0A
6A
11
00
65
72
00
78
08
00
6F
13
00
76
1E
73
79
0A
6A
77
6A
75
09
66
0D
6A
0D
78
00
00
79
0F
00
00
1D
0A
00
70
6E
0F
6C
70
00
58
6F
73
68
00
06
72
68
6C
70
10
00
00
0B
78
07
00
65
00
00
6E
70
09
00
00
15
1A
21
11
1A
00
75
20
68
6C
73
6C
79
00
11
78
13
77
00
06
00
73
00
6C
09
75
6F
00
00
0F
6E
00
6A
67
77
09
78
00
0A
00
00
65
00
06
0C
0C
66
0C
00
62
08
6B
00
00
65
00
0F
6F
66
07
00
65
4F
71
6F
00
00
15
73
00
0A
00
74
00
00
0A
00
00
00
0B
0B
69
00
00
6C
00
00
0E
6E
0A
07
14
75
00
78
75
19
69
00
6C
00
0B
0B
00
12
00
5E
00
00
79
75
0F
78
74
00
0B
13
6B
00
00
08
74
6F
0A
76
00
00
00
0F
08
13
18
6D
78
76
6E
70
6D
73
00
77
0A
0C
75
1F
00
6E
1B
66
00
00
24
11
72
19
00
60
73
0B
12
00
79
68
08
0C
00
0A
64
73
00
00
77
6E
00
0C
08
75
07
00
00
15
00
12
76
10
00
78
6F
10
72
78
0C
78
00
00
0C
77
1B
00
6C
76
75
6E
6F
1A
00
00
0C
6D
77
00
00
0E
00
78
00
00
76
07
69
10
79
0C
72
00
12
00
00
00
73
74
0A
00
0D
75
6D
00
00
0A
00
00
07
76
26
06
6C
0E
64
00
00
0F
0B
00
00
07
77
00
00
00
5F
00
74
67
14
00
0B
00
00
0B
13
6E
0A
69
14
00
00
76
65
0C
00
74
07
19
11
0A
00
00
09
00
00
71
00
6C
12
0F
78
00
64
00
00
00
0A
00
00
79
00
0E
0A
76
0F
00
07
68
00
77
69
00
00
0C
73
00
0F
29
00
09
17
73
11
00
69
6B
78
00
00
00
0C
72
00
00
64
6B
67
70
00
00
6B
60
67
6D
5C
00
62
71
06
77
00
5C
11
79
6D
1D
07
00
71
08
00
00
77
00
79
5D
00
76
1D
72
0F
0E
09
00
0F
00
6B
00
0C
08
74
00
73
00
00
12
00
00
59
00
17
0D
00
12
15
15
6B
6A
09
17
72
14
75
74
69
6F
0B
79
15
78
6B
12
6D
69
62
5C
77
00
00
00
0D
00
75
0D
00
09
00
07
08
10
00
00
77
6B
66
6B
11
6F
00
11
76
00
00
78
1D
00
0C
00
00
78
67
18
75
67
76
0A
0B
74
17
77
0F
6A
0B
78
00
78
6E
1E
10
00
6E
07
63
73
00
77
69
00
0F
10
0C
00
15
77
00
00
00
00
6E
00
00
68
0F
77
00
6A
00
00
09
6C
00
18
0C
00
16
6E
14
64
74
19
5A
07
0E
0F
00
1A
14
00
1C
23
1F
29
73
71
00
5A
73
07
75
78
00
0E
00
00
17
00
00
6C
73
06
73
62
09
09
00
09
72
17
09
11
00
00
72
67
24
76
00
72
13
16
00
00
07
6F
69
66
0F
00
00
00
76
00
00
00
70
00
74
00
6D
74
07
00
6B
69
00
00
0C
00
68
00
6C
00
59
6D
0A
12
73
77
1B
71
00
00
06
0C
0B
0B
75
1A
12
10
00
6F
63
64
00
00
00
71
00
1E
00
00
1E
10
00
00
74
00
76
79
00
6B
70
00
1B
00
12
00
78
6D
72
12
63
66
73
14
00
78
00
77
75
00
72
00
00
75
00
0E
0C
00
00
00
72
0C
00
00
0C
5F

