0C
12
00
0D
00
00
66
00
00
00
66
00
00
00
00
65
00
1B
6E
76
00
75
00
00
10
00
12
74
00
13
0D
1A
72
00
0B
00
00
70
00
00
00
00
0C
72
00
0C
0D
10
00
73
73
00
08
00
65
13
09
00
75
00
75
69
00
00
00
1B
0A
00
00
00
00
00
6E
00
0B
00
67
0E
12
00
00
00
08
0C
00
00
00
0B
00
00
6C
00
08
00
73
12
13
0E
00
0D
08
00
0E
08
75
15
00
00
10
0A
12
70
00
0E
00
00
00
00
00
09
00
00
00
00
15
09
00
00
0B
76
0C
09
15
00
00
00
72
00
14
00
10
0E
0D
0E
00
0D
00
09
75
07
76
0F
74
0D
00
66
11
00
00
0F
6D
73
74
00
00
14
1B
00
00
65
20
00
09
00
73
00
0A
13
73
00
00
10
15
66
73
1F
19
00
62
00
00
00
00
6D
0B
12
00
70
09
1C
6D
74
76
00
0F
08
0A
00
78
0A
74
00
00
72
00
00
76
00
0E
00
0B
6E
1E
6F
00
00
75
78
00
0C
00
00
69
72
75
00
71
0B
00
55
70
63
00
00
08
1B
18
0A
00
0A
00
78
00
00
74
14
15
74
08
00
0C
00
19
00
65
0F
00
00
0E
00
11
00
00
00
14
0B
62
70
00
6B
0B
69
00
00
00
00
76
08
6F
10
73
00
11
0F
15
00
76
0F
00
6D
00
00
6E
00
09
00
16
00
10
0F
76
00
15
0B
0C
75
6C
08
75
0B
74
12
00
6D
00
6D
00
00
65
5A
10
00
77
00
00
00
13
1E
09
12
17
00
00
00
00
00
14
0D
00
6B
64
1A
00
71
0B
00
00
00
00
17
16
76
00
64
71
00
08
72
0A
0F
00
27
0B
00
00
6A
00
17
00
00
14
00
61
70
0A
70
76
75
0B
00
0D
00
00
00
72
11
75
75
67
6B
0F
00
00
75
0A
00
78
07
10
00
07
68
00
63
00
6B
00
6F
72
00
6F
67
00
0E
00
0F
1F
22
00
77
16
00
73
76
69
00
77
00
0D
70
08
0D
66
00
1C
00
76
11
75
00
00
11
08
00
0A
61
00
1F
00
00
12
0C
61
00
09
00
00
0D
71
0F
00
00
6E
6C
74
00
00
0B
00
08
00
08
00
13
11
0D
08
00
75
00
6E
00
07
66
00
00
00
09
00
00
00
00
00
00
12
75
00
71
00
00
16
00
77
1B
00
00
00
14
00
00
00
14
00
12
00
09
1B
00
00
76
00
00
77
0B
78
00
6C
0C
00
0A
6D
0D
1C
72
12
00
09
26
00
00
0C
0F
73
0A
08
5F
0E
0B
6E
0C
0D
72
00
00
00
5F
09
00
00
11
00
00
00
17
72
00
0F
00
00
00
1D
00
6A
00
00
76
13
00
71
08
6F
18
08
11
68
00
00
00
11
00
6D
74
1A
0B
00
00
0B
0C
63
18
0E
00
08
13
0C
08
00
6B
64
0A
6B
74
66

