76
00
15
0F
00
00
00
0A
0A
00
0D
00
19
10
00
67
00
0A
00
00
00
69
00
6D
0A
1B
00
00
00
00
00
00
00
00
72
00
64
0B
00
00
00
00
6C
60
00
62
67
70
16
6E
00
76
69
1D
0C
00
0A
00
14
00
62
14
00
00
15
18
0E
00
00
00
0A
6D
00
16
6D
0B
11
00
6D
73
1C
00
0E
00
00
00
0D
00
00
00
5F
0E
6B
00
16
15
0D
00
00
1A
0C
11
71
09
74
18
00
72
1B
15
76
00
00
00
00
09
6F
6F
00
71
6F
00
13
00
00
00
1E
14
00
75
00
00
6E
00
0F
0C
00
00
72
00
00
75
0B
00
09
63
6B
12
16
00
0A
00
75
00
15
00
00
00
62
00
00
0A
00
00
00
00
0D
00
00
13
76
00
00
00
00
75
67
70
00
0C
00
76
00
1F
0B
00
73
00
00
00
00
16
76
73
00
00
0D
00
71
00
0B
00
6F
6E
00
70
00
00
68
00
00
70
00
6D
74
00
10
00
00
00
00
18
00
00
10
73
15
00
00
00
6F
15
00
75
0C
1D
00
69
00
14
0E
18
00
00
12
12
00
17
0D
00
00
00
66
00
0E
00
27
15
00
1C
6E
00
00
72
00
76
00
6F
76
00
09
67
00
0F
1F
14
0B
00
00
00
00
00
00
6D
00
00
0B
00
70
00
0F
00
00
6D
6B
00
00
6C
00
00
0A
70
00
0B
70
0A
1B
00
09
5F
1C
1F
76
65
74
0C
00
19
69
74
0E
00
0D
2D
00
71
00
70
00
0A
00
19
11
16
6F
70
00
69
75
12
00
19
74
00
72
11
6F
76
1D
0E
66
71
00
15
00
0B
1A
69
12
6E
75
21
00
00
15
6F
68
73
00
00
00
00
00
00
70
00
00
0A
13
10
0C
00
09
00
75
1C
76
10
00
00
73
69
00
00
76
13
6E
20
63
6D
08
58
0F
00
1A
29
69
74
00
5E
00
76
77
75
00
00
5F
09
0C
0D
00
09
00
70
20
00
0E
00
19
16
6F
76
17
19
00
74
12
00
18
00
63
6D
13
76
0D
0E
00
22
5F
62
76
72
76
00
72
0A
0E
00
70
00
00
00
15
74
17
00
26
0A
1A
00
00
00
26
0D
16
15
00
00
6D
0B
00
57
6A
00
20
00
0F
76
00
67
69
61
00
1C
64
00
1C
73
71
0E
69
1F
00
62
5D
00
00
00
00
00
00
6B
74
00
1A
00
66
00
1C
10
6F
0E
76
17
00
00
00
0E
76
64
00
00
00
00
00
00
09
71
66
1B
72
00
0A
00
00
6F
00
15
71
09
00
00
17
18
00
65
13
00
6C
00
16
71
74
6C
09
00
00
71
77
73
00
0C
09
26
74
00
55
0C
20
0A
74
6F
14
6A
00
0E
00
76
0C
70
1B
76
00
00
6D
14
00
00
00
00
00
73
00
00
76
65
16
12
1D
00
00
0A
00
00
6D
00
0B
63
6D
00
36
6B
00

