17
00
00
6D
00
0A
67
00
00
00
20
00
00
00
70
00
74
09
66
00
00
51
00
11
00
00
00
00
75
00
72
71
0F
00
71
00
6E
6F
00
00
1A
00
15
00
73
00
17
6F
70
10
0E
00
67
00
70
0B
1C
00
00
71
14
00
10
08
00
1E
63
00
74
00
00
55
72
0A
00
00
00
71
00
00
6E
00
76
00
66
76
00
74
67
09
00
09
00
15
0A
70
12
75
6C
09
63
00
1B
77
74
6D
18
0A
74
00
00
71
00
00
00
76
72
00
00
6C
6B
00
70
72
77
6A
77
00
00
00
0B
00
0F
0C
1C
00
00
00
13
10
6C
10
0D
00
00
00
0C
00
61
12
71
74
00
77
00
0A
16
10
00
71
6E
67
6C
0A
6A
00
0E
6F
15
0B
00
08
0D
00
00
00
72
00
00
00
21
64
69
00
00
6B
76
5E
09
11
00
5F
12
67
60
00
00
0A
00
74
14
0B
00
10
00
11
0E
00
2A
15
11
6C
00
73
76
00
71
0B
0D
00
25
13
0D
0E
00
67
00
00
10
6C
6A
76
00
00
6A
21
00
00
00
26
6E
00
69
00
00
16
0F
00
64
66
0E
00
6D
00
0B
00
00
1D
6E
75
00
6F
00
64
00
5B
69
00
0C
17
00
13
00
00
6F
72
18
00
73
12
08
00
75
71
00
74
6E
0A
09
00
00
00
00
00
14
0B
74
00
0C
00
00
00
00
77
0C
70
67
00
00
00
0C
00
00
00
6D
6F
00
0C
1C
00
00
09
6E
00
0E
71
00
1D
00
00
69
00
76
0B
17
00
0E
09
18
6C
00
1D
66
0F
00
6D
0E
00
1B
00
00
11
00
09
00
0E
0F
74
00
73
00
00
6E
71
72
00
74
65
00
00
6F
64
00
71
65
1F
00
6D
00
1B
17
0C
00
00
09
1E
23
00
00
00
00
6E
00
76
65
0A
0B
0A
16
11
00
76
00
6B
72
63
20
6D
00
00
0B
0D
75
18
70
0C
76
00
0E
00
00
00
00
11
00
00
00
73
00
00
66
6C
00
18
00
1B
00
11
6F
76
00
00
00
00
00
00
0B
6F
00
00
00
75
00
0E
59
68
71
0D
73
5E
15
12
00
11
1C
0B
00
00
00
72
0A
6A
6B
00
72
0C
76
00
0D
76
00
6F
0A
0C
6D
6E
71
6D
75
6A
00
0F
10
0D
74
6F
00
00
00
00
10
00
00
0C
0D
00
00
70
00
00
1B
0E
6A
00
00
65
00
6C
00
00
15
00
00
18
00
00
00
00
1D
66
00
00
00
00
00
60
76
77
76
00
77
00
10
67
00
6F
71
00
00
61
77
00
6A
0C
00
00
0F
73
12
1A
11
14
15
00
0E
00
00
70
74
00
00
00
70
00
08
10
1C
00
16
71
0A
00
5D
00
00
00
00
09
18
22
00
1D
72
14
00
6B
69
61
00
1C
00
08
1C
00
6B
00
00
00
5F
00
00
0D
00
21
0B
00
00
0C
00
73
5E
6A
64

