00
00
76
63
73
16
74
07
00
70
00
6A
13
00
00
0F
00
00
0F
0A
00
00
26
75
00
0B
11
09
68
00
00
00
13
71
13
70
0A
74
13
0F
00
00
00
00
0B
74
00
73
00
00
00
78
77
07
6B
71
00
00
00
0E
64
00
00
00
00
13
00
0F
00
1C
00
00
13
00
6C
00
00
0C
00
00
00
00
00
77
72
00
76
6A
00
00
0A
76
00
00
00
00
00
74
0C
68
70
72
07
69
16
00
00
12
77
00
10
00
76
09
09
08
00
00
78
00
0C
6F
71
66
76
0D
0C
00
76
6E
17
0B
00
10
78
08
6A
18
07
77
00
72
0B
00
00
00
08
08
00
69
12
00
0C
00
00
09
6F
00
0D
14
75
15
00
71
00
00
10
00
6B
00
20
00
6D
75
00
00
00
12
08
00
00
00
00
00
0E
73
75
00
6F
08
00
75
00
00
00
73
00
00
09
0A
00
00
00
77
0B
00
09
00
0E
00
0E
73
70
76
74
00
67
15
61
00
6C
00
21
00
09
73
08
0C
00
77
6E
00
0F
00
00
00
00
0F
78
18
1A
00
10
1C
0C
76
72
0D
00
74
22
00
73
00
00
09
22
6F
00
15
70
00
77
08
1A
77
00
17
63
14
00
6C
16
00
74
6A
5B
6B
70
15
14
00
00
61
61
00
00
77
00
12
1F
00
00
17
0F
6E
73
71
00
61
6A
5E
00
76
67
68
76
76
0B
6F
74
11
09
10
73
76
00
6E
17
09
00
00
00
70
08
00
00
0D
74
65
00
72
0A
6F
11
00
00
13
00
18
1E
00
77
00
00
11
0C
00
08
00
0E
73
00
6A
13
76
0D
73
15
16
72
6D
0F
0B
1B
00
69
74
2D
00
72
1A
74
63
6F
6E
69
6D
00
0D
6B
00
00
71
71
0A
6A
68
0F
00
09
00
74
0C
00
00
00
12
00
0A
72
00
76
0E
6C
00
0B
0C
00
67
00
00
00
00
75
00
00
74
76
11
6E
74
70
00
00
0E
00
19
00
12
0C
10
0F
00
12
00
00
00
74
00
0F
00
00
00
00
00
70
00
00
00
75
00
00
19
0E
09
00
24
00
5C
73
19
6A
00
00
00
6A
00
00
00
6F
13
00
67
00
00
76
00
00
5D
6E
00
13
0A
15
00
0A
0C
00
00
00
00
0B
00
00
70
00
00
74
00
00
13
78
0C
00
6E
00
6B
19
76
73
71
00
00
0B
00
78
0F
0D
00
00
00
15
00
75
15
07
00
00
71
69
00
10
00
00
76
00
0D
6E
00
00
00
08
00
1D
71
1F
12
64
0D
00
09
00
10
00
09
00
00
0F
13
00
00
69
00
00
00
73
00
70
15
6C
00
0C
0A
0D
0F
00
66
6D
6E
00
00
00
18
00
71
6C
00
00
00
0E
1B
00
77
00
15
00
00
20
00
75
00
00
00
00
00
17
00
00
6B
00
77
13
00
75
0B
76
71
00
00
00
09
0E

