00
6B
00
00
00
00
75
00
00
00
0B
00
20
1A
73
75
0D
70
00
75
00
70
11
00
11
72
0A
00
71
69
00
68
16
10
00
00
00
00
0C
00
00
00
00
11
77
0D
00
77
0B
0D
18
00
14
07
14
75
00
72
00
00
00
00
00
00
74
00
00
72
77
72
00
6E
72
11
70
0F
14
09
6F
10
6A
12
00
6C
12
00
0A
73
72
77
00
1B
00
73
77
18
00
75
09
17
00
00
00
00
11
74
6C
00
00
19
00
73
0E
00
75
00
0D
08
00
12
00
0A
10
00
09
18
00
00
00
09
00
6A
08
00
14
72
74
12
00
11
0B
0A
0C
0A
00
72
00
70
0A
71
75
00
1C
00
74
00
08
00
00
00
0E
00
0A
00
00
08
0D
71
73
11
12
71
00
0C
09
0C
00
6E
00
00
00
71
00
70
00
75
00
00
6F
00
14
65
00
00
17
00
00
12
0E
00
76
6F
13
08
11
10
00
00
00
64
75
0C
08
74
71
00
00
00
07
00
00
00
09
00
22
09
09
09
00
70
00
6C
66
0B
14
00
00
00
66
00
6F
00
73
00
00
0F
00
0F
00
6D
00
00
11
77
77
1A
00
00
00
0E
07
10
61
73
77
70
76
0B
0C
70
08
0B
00
74
6F
0C
0A
18
00
72
19
13
69
67
10
00
00
71
64
00
00
6B
08
12
00
0C
00
00
0D
00
6E
6A
75
00
6F
6F
6D
00
0D
00
00
00
77
6C
13
0D
0D
10
75
6C
73
00
0B
00
6D
00
72
08
00
11
10
70
10
00
0A
76
70
00
0A
68
00
73
70
69
6F
07
76
00
66
08
0D
74
09
0A
00
17
00
08
00
00
00
71
00
73
15
70
6A
69
4E
78
62
54
0E
10
6A
12
15
75
60
0E
00
00
00
0C
1E
00
6F
15
11
00
00
12
09
07
09
00
00
0D
00
00
00
67
00
00
74
09
00
75
09
00
71
76
00
1E
00
76
00
00
00
6C
0B
00
6E
21
11
00
71
73
08
08
16
08
00
00
0C
12
70
0C
78
00
0B
18
00
00
76
00
00
67
6D
12
13
00
6F
1B
0B
1D
00
70
0B
10
75
6E
0F
13
0A
00
67
00
00
75
76
00
16
00
00
00
6B
70
6D
74
73
00
76
00
6B
09
0C
00
00
00
09
00
6A
0E
00
17
6A
0B
0D
00
72
0E
00
00
0B
0E
16
17
0C
00
00
00
0E
00
6E
6F
00
00
00
00
00
6E
08
75
0F
6F
00
08
00
00
00
0C
00
00
00
00
10
00
6E
6D
00
39
0B
00
00
15
00
00
00
77
00
00
16
2E
73
00
08
0C
76
76
00
74
63
00
0C
0D
17
0F
08
00
0E
00
00
00
75
08
00
00
76
00
15
00
75
00
6B
77
6E
00
00
07
6E
00
6D
00
75
0F
76
00
0D
00
69
69
0C
08
00
67
17
78
70
73
12
77
76
00
6E
00
71
16
6E
00
09
00
70

