00
65
00
0C
08
00
15
0A
6D
14
6A
00
0A
15
08
0A
00
6F
00
1D
00
00
08
5F
00
6D
00
70
07
00
00
60
00
00
1C
00
00
00
72
78
0F
78
00
76
0B
08
0C
00
00
6F
00
74
0B
71
00
00
71
69
00
09
00
72
67
0A
70
0B
00
0E
00
68
00
0F
76
77
76
73
74
12
07
00
00
00
75
17
09
00
00
76
74
00
00
71
00
1A
1C
00
0D
00
00
71
72
07
00
75
0C
00
6E
00
75
00
0A
70
0E
00
00
00
72
00
76
0F
00
00
00
75
71
00
11
16
10
00
00
00
11
73
77
77
0C
0B
00
0F
0A
0A
67
00
00
00
68
09
73
1E
68
6F
10
00
64
00
00
00
0E
70
0F
6D
08
09
72
00
0A
00
0D
68
61
0F
08
14
6D
5D
00
64
07
0E
76
73
00
18
73
00
00
0A
0B
60
76
69
00
11
62
11
00
72
00
00
00
14
00
74
0F
00
77
00
09
74
6F
0A
6E
00
76
00
71
00
00
00
75
00
00
0A
71
73
00
00
00
61
6A
73
17
72
00
07
00
0B
72
0D
00
09
0D
00
08
00
0A
00
00
0E
09
0E
00
73
00
0A
17
72
73
00
00
6C
6C
00
76
0E
0D
00
77
76
6F
6B
19
18
12
00
0F
68
67
69
00
14
14
77
00
77
0C
71
0C
00
73
00
08
6E
00
73
00
19
00
00
72
0B
0A
00
76
0A
00
00
0B
00
00
00
00
00
77
13
11
00
00
00
00
00
6B
08
0B
77
08
6E
72
00
10
77
08
0C
00
72
07
09
00
00
00
0C
77
72
0B
75
77
77
00
00
0C
15
00
72
13
08
74
12
00
0E
6A
00
72
65
0F
00
00
00
00
77
00
75
73
00
00
69
12
00
6D
08
00
00
75
07
00
0A
76
23
0A
17
6D
00
00
00
00
75
08
14
00
17
0D
07
76
71
00
18
0C
65
00
74
12
00
00
0E
68
0D
72
00
00
0C
0F
11
00
0E
70
10
0D
6F
14
00
00
00
00
76
0C
65
70
00
09
00
08
00
00
6C
73
00
00
00
00
00
00
6F
00
15
78
00
08
17
10
6E
72
08
76
00
00
6E
72
00
0D
00
71
73
71
0C
72
72
00
62
00
66
0A
00
0B
00
00
09
13
16
00
72
00
00
00
0B
63
0D
13
70
76
12
00
11
17
00
62
18
00
00
09
77
71
00
71
75
20
00
0D
00
08
00
13
77
00
70
0F
00
73
76
00
00
00
00
0B
0D
76
75
72
00
08
13
00
0D
77
13
59
08
00
00
00
00
00
00
72
72
00
10
6F
10
08
76
0A
09
00
76
74
14
00
17
00
08
17
00
73
71
00
73
73
0D
09
6D
12
08
12
13
00
0C
15
00
6A
75
6B
75
00
70
71
77
6E
00
00
0A
16
12
75
09
00
00
6B
73
00
00
0E
00
0F
0C
00
6F
08
0E
00
00
00
00
65

