00
00
09
5F
00
00
5A
0E
76
74
00
6D
13
00
00
00
71
70
51
0C
69
00
0E
23
1B
12
2D
21
16
0C
0B
16
0B
75
72
6F
74
5F
6E
00
69
00
6E
00
00
65
76
00
00
74
00
0A
00
6F
00
6B
12
00
63
00
00
74
70
0C
6C
00
6A
00
00
31
00
00
1B
00
00
6F
1C
70
00
00
73
00
1A
09
00
00
00
00
70
19
09
10
00
00
0C
0C
00
0E
00
68
00
5C
66
62
00
00
11
73
10
14
00
00
72
1A
00
73
00
00
00
00
0E
13
00
75
6E
00
0E
0D
11
66
16
61
6C
72
74
00
60
16
12
00
6F
74
6E
00
00
70
00
00
00
73
0D
0B
00
00
1D
21
0F
00
00
00
59
0F
20
00
09
00
00
13
00
00
1C
0A
00
70
00
00
65
76
00
00
00
10
0F
0B
75
72
14
65
18
6E
1E
6C
55
15
00
00
00
00
00
65
0B
0E
00
00
63
74
00
00
00
6B
00
0B
00
75
00
6B
00
00
00
09
13
00
6A
00
00
00
00
00
70
0F
0E
6E
0B
75
00
00
6E
00
1B
00
00
00
00
74
57
00
0D
1C
0C
00
73
75
71
72
74
00
6A
23
65
00
0A
00
76
00
6B
00
00
0F
00
67
00
00
70
0B
0F
00
00
69
74
0F
00
00
5F
00
0C
00
21
00
0A
16
00
00
0A
11
00
71
00
74
00
00
00
00
14
00
0B
70
00
6A
00
67
4E
10
76
6E
00
09
1C
00
72
67
1A
16
09
75
14
1C
14
52
16
09
1E
0D
28
75
6F
00
00
0C
5E
00
74
00
68
0A
73
00
5A
21
00
00
12
61
00
0F
00
12
00
71
0A
00
00
0D
6F
00
0C
00
10
11
13
00
75
00
00
00
00
00
00
11
00
00
16
0B
00
00
00
00
12
1A
00
00
00
66
00
00
70
14
6F
00
60
00
6E
5B
00
62
17
75
00
19
58
66
0E
0A
00
0C
0A
10
75
0E
00
1C
00
23
09
68
00
00
11
00
00
15
63
74
00
00
12
18
14
0E
12
00
61
00
0C
00
0C
1D
0B
0D
76
00
72
00
00
00
00
18
72
6B
00
00
0B
6D
62
0B
76
00
68
00
74
00
00
0C
08
00
12
17
00
00
00
00
71
76
6E
73
14
6F
00
00
00
00
6B
1F
6C
00
1D
70
00
74
00
00
00
70
14
0D
74
72
0D
00
1C
13
1C
00
00
11
6E
00
00
11
00
74
00
00
00
18
0F
14
0E
14
00
70
00
00
00
00
00
00
1A
72
00
00
65
0D
65
5D
0E
6B
2A
6A
69
0F
6C
00
00
74
00
00
1B
00
17
00
00
0E
00
19
0D
00
00
14
00
12
6F
0A
65
1B
00
1B
71
00
00
74
00
67
12
00
76
0A
6C
67
00
76
1E
00
75
00
71
72
00
00
65
00
00
00
00
27
6E
18
12
09
72
71
10
74
6F
00
10
00
00
00
00
67
00
00
10

