74
74
19
00
65
65
00
08
18
72
74
00
1A
76
76
00
11
75
76
78
00
00
00
00
07
00
00
75
00
70
08
5D
00
00
12
0A
0F
76
0C
13
0F
00
00
00
00
74
00
00
00
00
74
00
00
75
75
0C
1A
00
00
70
11
00
69
00
67
00
00
00
65
18
6C
00
00
0D
13
76
00
07
00
00
00
00
10
0A
09
00
70
00
00
08
76
62
00
00
00
00
6F
74
00
00
00
6D
0A
11
68
0E
00
71
00
12
14
6F
73
12
00
00
77
00
00
00
1E
0C
00
73
00
75
00
09
08
74
00
0F
77
00
75
07
78
00
00
08
00
08
00
0D
77
76
00
00
11
09
00
0E
00
00
77
75
6D
00
6D
00
00
78
00
00
08
00
00
00
00
00
00
6F
0F
00
00
74
00
17
08
18
10
10
00
56
5F
00
00
00
0C
00
0C
00
6D
76
08
6E
0E
6D
00
6C
00
09
00
13
08
78
0F
0E
00
12
00
78
00
08
77
1B
00
00
00
70
00
1C
08
12
00
00
00
00
0C
75
00
75
6E
00
00
72
00
78
00
00
00
00
00
00
00
77
11
72
74
00
08
6A
15
78
00
00
0D
77
00
08
78
6E
6F
0B
6C
14
00
0F
0A
00
70
00
00
09
6E
5D
14
00
00
70
0C
20
00
70
00
6D
72
09
00
00
08
00
00
08
00
74
00
00
1B
74
73
00
00
00
00
00
00
77
08
00
00
73
09
00
75
6F
00
0B
00
74
73
13
74
61
1B
00
66
75
00
00
76
09
00
00
00
00
73
07
00
61
71
08
00
00
6F
16
00
00
6C
00
74
6C
00
6E
00
15
75
6B
00
00
14
00
68
00
00
00
00
00
25
6E
73
1D
00
17
73
76
0F
00
00
00
74
00
72
00
00
00
00
6C
00
00
09
00
69
00
00
00
78
00
0E
78
09
00
00
0E
00
77
6F
0A
12
6D
77
78
75
00
00
10
15
00
6F
00
76
6D
6F
09
00
15
6F
00
11
73
00
11
69
00
00
00
00
00
00
73
18
09
00
00
0F
0F
73
74
0A
71
73
0B
70
0F
5B
00
00
0A
09
63
00
16
10
00
0F
00
73
00
12
00
00
0A
00
75
00
00
68
0F
00
0B
00
00
72
00
08
00
0F
00
74
00
00
74
00
6D
12
71
74
00
0C
76
77
0A
77
0D
00
6B
0D
07
00
19
0C
14
71
00
75
00
00
00
00
00
77
14
00
00
62
0E
00
72
00
65
0E
00
6A
07
00
00
16
76
00
17
11
6B
0C
09
1B
00
5C
1A
08
00
00
77
00
00
72
5F
00
00
69
67
08
71
00
00
70
00
00
00
00
00
00
6D
00
1A
00
77
77
11
00
6B
6B
70
77
63
00
00
71
09
10
00
09
0C
00
00
76
1F
73
00
00
15
11
00
00
1A
00
59
00
00
00
15
15
00
17
18
10
0F
00
6E
0C
00
0B
76
00

