00
69
08
68
71
00
00
12
00
73
00
6D
00
00
6E
09
15
6F
70
1A
00
00
16
00
10
1C
13
00
00
0E
10
00
73
00
67
00
00
76
00
00
73
0B
6B
74
1E
64
00
61
13
15
00
00
6D
00
72
00
00
00
6D
0D
5F
16
00
0C
00
00
00
71
76
00
00
75
17
0E
69
71
10
00
00
76
15
1B
11
10
71
6A
00
73
0F
00
6B
00
00
00
75
0E
00
00
1D
68
00
00
74
26
0D
15
00
00
6F
00
0F
00
00
1B
00
00
1C
73
0E
1C
6C
00
00
00
00
73
0E
00
71
0C
76
12
00
00
0F
1D
73
09
1C
71
00
00
71
72
00
5C
0C
00
16
6E
00
10
00
12
00
09
0D
00
6A
00
69
00
00
64
00
00
29
16
6C
13
0D
0B
15
00
74
66
5F
00
0C
00
00
6C
00
00
74
00
6E
6E
00
00
76
00
63
69
76
60
67
00
57
65
0B
00
00
11
0C
0A
0D
12
13
00
15
73
00
73
0C
68
73
00
6D
14
00
00
60
75
72
66
00
00
00
6F
5A
00
00
70
71
00
16
68
6D
21
00
00
17
19
00
64
0C
0C
1E
6A
14
0B
00
69
19
00
00
00
18
00
0C
70
5E
00
70
74
22
1B
6B
17
00
74
0D
64
0C
70
6A
0D
67
00
75
00
00
00
67
71
75
6B
0C
0A
00
0C
00
0C
00
09
09
00
11
15
0D
00
00
5D
72
6A
0A
00
1A
0F
00
00
6C
00
6F
13
12
00
00
00
68
1A
6A
67
0F
00
00
00
00
00
14
13
73
00
70
0E
14
00
00
18
00
6F
6D
00
00
00
0C
0C
19
00
00
00
00
00
72
11
11
00
21
00
6C
13
0F
1D
10
70
10
00
00
75
75
00
73
09
0B
00
0C
1D
00
00
09
00
00
6F
6F
00
69
09
76
6E
67
10
76
70
64
0F
00
19
58
00
00
6C
24
00
15
1E
00
00
00
70
73
00
00
73
72
1B
64
0C
00
21
00
00
00
15
00
00
00
69
00
00
00
00
00
0C
1A
6C
5E
1D
0A
00
00
69
28
00
00
0B
6B
11
62
74
58
76
6C
0B
00
10
0A
0F
60
00
73
71
00
0A
00
76
00
00
1C
20
00
00
00
00
00
00
73
75
00
00
00
70
09
72
17
71
10
00
00
0F
65
6D
00
0A
6D
00
1E
00
00
13
65
00
00
71
00
0D
00
71
00
73
77
00
73
00
11
00
00
15
00
00
09
16
00
00
00
00
00
00
72
61
00
12
0D
00
00
00
16
09
6D
6F
0E
0E
00
70
1B
73
00
74
00
64
00
0A
71
00
6C
6E
72
00
00
00
0B
00
00
75
6F
68
00
00
0D
72
11
00
00
00
00
10
74
71
00
00
75
00
00
00
0F
00
00
00
00
00
1B
00
6C
00
00
09
69
0B
00
12
00
18
0B
16
6E
00
00
00
00
00
00
71
0B
71
00
09
10
00
00
00
0D
69
6B

