00
00
0A
0C
75
1F
00
6E
1B
66
00
00
24
11
72
19
00
60
73
0B
12
00
00
68
00
0C
00
0A
64
73
00
00
00
6E
00
0C
08
75
00
00
00
15
00
12
76
10
00
00
6F
10
72
00
0C
00
00
00
0C
00
1B
00
6C
76
75
6E
6F
1A
00
00
0C
6D
00
00
00
0E
00
00
00
00
76
00
69
10
00
0C
72
00
12
00
00
00
73
74
0A
00
0D
75
6D
00
00
0A
00
00
00
76
26
00
6C
0E
64
00
00
0F
0B
00
00
00
77
00
00
00
5F
00
74
67
14
00
0B
00
00
0B
13
6E
0A
69
14
00
00
76
65
0C
00
74
00
19
11
0A
00
00
09
00
00
71
00
6C
12
0F
00
00
64
00
00
00
0A
00
00
00
00
0E
0A
76
0F
00
00
68
00
77
69
00
00
0C
73
00
0F
29
00
09
17
73
11
00
69
6B
00
00
00
00
0C
72
00
00
64
6B
67
70
00
00
6B
60
67
6D
5C
00
62
71
00
77
00
5C
11
00
6D
1D
00
00
71
00
00
00
77
00
00
5D
00
76
1D
72
0F
0E
09
00
0F
00
6B
00
0C
08
74
00
73
00
00
12
00
00
59
00
17
0D
00
12
15
15
6B
6A
09
17
72
14
75
74
69
6F
0B
00
15
00
6B
12
6D
69
62
5C
00
00
00
00
0D
00
75
0D
00
09
00
00
00
10
00
00
00
6B
66
6B
11
6F
00
11
76
00
00
00
1D
00
0C
00
00
00
67
18
75
67
76
0A
0B
74
17
77
0F
6A
0B
00
00
00
6E
1E
10
00
6E
00
63
73
00
77
69
00
0F
10
0C
00
15
77
00
00
00
00
6E
00
00
68
0F
77
00
6A
00
00
09
6C
00
18
0C
00
16
6E
14
64
74
19
5A
00
0E
0F
00
1A
14
00
1C
23
1F
29
73
71
00
5A
73
00
75
00
00
0E
00
00
17
00
00
6C
73
00
73
62
09
09
00
09
72
17
09
11
00
00
72
67
24
76
00
72
13
16
00
00
00
6F
69
66
0F
00
00
00
76
00
00
00
70
00
74
00
6D
74
00
00
6B
69
00
00
0C
00
68
00
6C
00
59
6D
0A
12
73
77
1B
71
00
00
00
0C
0B
0B
75
1A
12
10
00
6F
63
64
00
00
00
71
00
1E
00
00
1E
10
00
00
74
00
76
00
00
6B
70
00
1B
00
12
00
00
6D
72
12
63
66
73
14
00
00
00
77
75
00
72
00
00
75
00
0E
0C
00
00
00
72
0C
00
00
0C
5F
0A
0F
0C
08
00
00
10
0C
6E
0F
00
00
00
00
69
00
00
00
00
15
72
6A
00
00
00
00
72
0F
0E
00
75
00
00
00
0E
75
67
64
73
68
16
77
0F
1C
1E
24
71
73
73
00
11
1B
6A
0D
0D
00
0C
76
6B
66
00
00
0E
00
69
6E
0A
72
0F
65
0C
0B
00
74
11
00
1D
00
00
15
73
00
73
63
19
5F
75
00
00

