00
74
77
71
00
14
6F
00
72
63
2E
6E
00
00
60
65
00
09
6B
00
0A
00
13
00
00
00
00
0E
71
00
00
6C
00
71
00
6C
6A
00
6C
1A
75
0E
00
0D
75
1E
15
00
6A
0B
25
66
72
23
0B
00
70
00
00
00
12
00
70
65
69
1B
00
0D
00
74
74
00
71
69
64
70
00
09
00
11
6B
09
6B
00
00
6D
00
00
00
09
6C
17
73
00
00
00
09
00
74
69
6C
00
00
65
77
1F
71
00
23
00
00
00
00
1D
00
15
00
13
00
0C
00
00
76
6D
00
74
00
77
00
00
0C
11
00
00
74
00
75
00
5E
77
73
72
10
00
0F
00
00
00
00
6A
16
00
66
09
00
16
00
1C
6B
72
67
00
75
5E
00
00
0B
1A
1D
71
1B
70
0F
6C
61
6D
60
67
76
71
0A
00
5D
00
10
00
00
65
76
6F
10
6B
58
17
00
64
00
70
00
13
00
00
00
00
00
00
00
74
00
00
00
00
77
72
00
6E
00
0D
09
0F
13
0E
00
10
67
6C
00
70
09
09
00
00
00
10
00
00
00
73
00
00
74
00
64
00
1D
00
00
69
12
00
00
6C
5F
00
0B
00
00
14
67
15
00
75
00
00
00
74
6C
00
15
00
18
08
18
0A
6E
00
70
77
53
69
76
72
0A
69
71
11
00
0C
71
00
0C
00
0A
09
00
71
00
6C
63
6D
00
72
09
00
75
0D
65
00
13
72
0F
00
09
16
00
0E
00
00
6F
12
6C
6F
12
0B
00
1A
00
0C
74
16
00
69
00
24
00
16
16
6B
00
00
17
10
00
57
00
00
00
00
1E
11
00
70
00
0B
6D
75
00
6B
14
0A
70
00
00
70
1C
00
6D
00
00
1A
65
00
18
09
1B
00
15
00
71
00
00
00
73
00
00
66
72
5C
69
74
00
00
0C
0B
0F
00
13
00
0F
25
00
22
00
72
72
00
00
00
0A
00
1B
20
00
00
00
77
00
00
00
0E
6F
00
1B
76
1A
00
75
76
00
63
00
00
2B
12
10
0A
6E
0D
00
18
5E
73
0A
67
6F
1B
73
00
77
0C
00
66
0A
16
0F
1E
00
77
00
00
63
70
0F
12
00
00
0C
0A
6D
74
15
16
00
08
6F
00
0E
72
61
08
6A
6B
65
72
00
20
0D
1D
09
00
71
00
74
00
00
1E
00
00
00
11
0F
00
00
00
00
6F
73
0B
5B
00
1A
00
17
18
6D
00
5F
71
09
00
75
6C
00
21
0D
72
73
6F
00
00
00
00
00
00
00
00
00
00
00
25
00
72
09
5B
00
6B
00
00
59
76
00
77
76
65
13
18
72
00
6F
76
00
6C
6C
13
00
00
00
70
10
00
73
00
00
00
00
15
12
00
0C
74
13
6A
73
00
25
00
00
19
00
00
5D
17
00
00
71
69
63
6F
00
74
1E
00
6F
00
20
66
00
00
72
6E
10
72
00
0F
77
6C
00
69
20
00
67
76
00

