0C
0A
11
00
00
23
00
00
18
5D
1A
75
09
12
76
17
75
00
17
6F
10
00
00
00
00
6F
6F
00
00
00
64
4D
6D
6D
62
08
00
0A
0B
00
00
00
00
1A
74
00
1C
00
00
1F
77
65
00
00
09
11
09
00
17
00
00
00
00
77
75
1A
11
00
0A
00
71
00
00
00
00
00
69
0C
00
12
00
2C
00
1F
64
75
00
73
6D
12
00
71
00
00
13
73
76
00
00
0B
08
77
00
6D
61
0F
1A
0D
76
00
69
76
00
6D
00
00
76
72
00
76
69
00
68
61
0E
00
00
0B
71
00
6F
77
77
00
00
0C
71
00
0F
11
00
77
72
00
00
19
0F
00
6F
00
00
09
00
00
15
0E
76
0C
75
00
00
00
69
00
6F
00
00
00
00
0C
72
0F
0C
09
71
18
00
76
17
0B
0E
00
00
10
70
00
0A
66
71
74
00
18
00
76
17
17
00
00
6F
00
00
74
76
00
0A
09
13
00
10
77
00
00
00
72
09
6D
00
0F
00
00
1D
00
00
0C
0B
00
74
77
00
0C
00
0E
00
00
65
1B
00
0F
65
00
74
69
76
00
00
10
00
00
08
00
71
00
08
00
00
00
0E
16
66
0C
70
6A
00
00
6E
09
6B
12
74
68
00
00
00
00
14
00
00
64
72
00
66
6A
00
21
0D
69
00
77
6F
1D
00
0D
0A
18
73
77
17
73
00
65
63
00
00
66
71
13
0E
0B
10
00
16
0B
00
00
0D
00
00
68
6E
00
11
76
00
75
11
6F
76
6C
0F
75
73
69
00
00
6D
15
00
68
6D
00
00
00
74
64
00
00
16
6B
08
6B
19
00
00
00
0D
00
00
08
0C
70
00
12
00
00
5F
00
16
00
00
75
72
1A
00
00
12
72
6F
00
18
74
00
12
16
0F
00
00
0B
00
6C
69
00
12
0B
18
0B
69
00
00
6B
00
69
72
72
68
00
70
00
6E
00
71
08
00
0A
6F
08
1A
00
0B
6F
16
69
73
2A
6A
08
00
69
6B
00
00
71
0F
23
00
08
0F
72
00
6B
09
67
70
0C
6E
71
00
67
00
6F
00
00
00
77
6B
00
76
00
0A
6F
00
0A
00
00
72
74
0C
13
15
00
15
0C
0C
09
00
73
00
70
63
71
63
67
00
73
77
0D
13
00
14
00
00
09
00
70
00
76
00
0B
6D
00
71
14
00
12
0A
77
0F
12
00
6A
00
0B
00
6B
16
00
64
67
00
00
76
70
00
0C
74
19
68
00
64
00
0E
5F
6C
72
74
00
00
0F
00
77
00
00
73
00
5F
00
60
1A
00
68
0D
1A
00
00
00
1D
00
10
67
00
15
0A
72
00
00
76
00
66
12
09
0B
00
00
00
0E
00
77
72
00
0A
14
75
6D
00
11
1D
0B
00
00
0D
12
00
10
6A
00
6E
69
74
00
00
09
70
00
00
74
00
74
00
10
6E
00
11
10
6C
00
00
14
75
6C
00
74
00
73
0A

