73
6F
00
00
6A
00
0A
76
11
6A
0D
00
00
6E
5D
09
1D
75
00
08
0C
00
00
72
00
74
71
0C
68
6F
00
71
5D
6D
73
00
09
6F
75
74
00
0B
73
1F
71
09
00
72
00
6D
0B
71
10
00
00
17
0D
6A
00
0F
00
18
00
16
5C
00
00
77
0A
5C
00
61
00
6A
71
00
00
00
0C
0E
00
00
65
18
54
73
00
00
63
00
00
0C
13
00
00
16
56
76
0A
00
62
67
00
00
00
6C
5B
12
00
0E
00
0E
66
09
69
00
00
14
75
15
00
00
76
00
73
00
00
6C
6C
0E
6B
00
09
12
17
73
5F
00
00
11
28
6E
0C
00
00
00
0B
00
69
00
00
77
09
6D
6E
0D
00
6F
6B
08
00
00
5B
00
73
29
21
64
00
00
0F
00
67
12
71
19
0D
00
73
77
1A
00
75
08
76
00
00
6F
4E
00
2A
00
68
0B
1A
00
00
00
08
00
00
00
0D
75
00
00
00
00
6F
00
00
00
00
11
73
00
0E
16
15
12
00
00
09
00
00
6E
09
0A
64
00
00
09
00
12
00
00
11
0E
00
64
6E
73
00
14
0D
00
15
00
0E
76
00
00
0A
10
0F
76
1B
75
00
26
00
00
61
00
6E
6A
73
75
00
00
6D
6B
6A
00
5E
6F
00
00
00
00
74
0D
09
00
66
76
00
00
74
00
18
00
00
00
00
1D
21
12
77
00
00
00
00
68
00
0E
1D
09
00
0D
70
71
76
00
00
0B
08
0F
0D
00
16
1B
6C
77
77
6B
00
00
17
68
0E
70
00
00
0A
64
00
00
00
0C
00
76
00
0C
75
00
15
0C
68
6F
61
0F
0F
74
00
6C
13
66
77
00
0A
14
00
0E
00
75
00
00
00
0E
75
6E
00
00
0C
00
00
00
0A
6A
09
18
00
00
00
00
60
70
16
0F
00
70
00
00
74
00
00
00
00
2C
0E
22
00
61
00
6C
17
12
67
1B
12
15
15
00
0D
70
00
1B
75
72
69
00
6C
74
00
00
69
6A
62
6B
00
6E
08
00
68
00
00
6A
00
00
12
63
11
00
08
00
60
10
00
73
00
00
00
00
76
75
00
11
60
57
00
6A
6A
10
0A
77
68
00
00
00
00
00
77
6E
00
00
6A
00
00
00
70
73
00
72
0B
18
0F
00
0D
1B
00
24
6F
6F
59
77
69
63
00
18
1D
70
1B
0E
00
72
00
00
71
6D
0A
00
74
23
6C
00
6E
62
00
00
5E
0A
22
00
1B
5E
00
00
00
00
64
72
67
5F
00
00
00
6C
00
08
08
00
00
00
2F
71
71
0A
66
6D
6F
00
71
1F
00
10
00
73
00
14
15
00
00
00
00
00
71
63
00
77
00
0A
00
14
12
00
13
00
62
0B
00
6D
00
00
0A
00
00
08
0A
00
76
76
64
19
71
00
74
77
00
00
0B
74
16
00
73
00
00
00
71
14
00
74
12
16
00
00
65
71
0D
6E
75
00
71

