07
00
0D
00
00
00
76
00
09
5F
0E
00
0E
11
5B
6C
76
00
07
18
08
07
00
00
70
00
06
08
00
11
71
67
00
6B
6E
74
71
75
00
0C
00
0D
72
08
15
00
69
67
08
00
00
75
68
0F
08
0A
1B
78
0D
13
79
1C
79
79
00
06
00
72
0D
12
0B
77
13
00
76
77
19
6F
09
09
17
11
00
0B
71
70
0B
76
13
08
67
0A
0A
73
1A
75
00
13
00
00
0A
25
00
6B
78
70
00
00
13
07
6B
00
07
76
00
10
0D
68
73
71
5B
6A
0A
09
00
75
00
08
10
00
00
00
6B
70
00
15
0B
00
09
68
00
00
16
6E
73
00
09
17
75
71
72
78
16
00
6E
73
76
00
08
77
13
0C
0B
00
70
61
22
6E
74
00
00
0D
20
0C
6E
00
73
00
0D
72
00
6E
6C
0C
09
06
74
06
00
74
00
69
75
74
00
79
00
0C
74
69
0E
00
11
00
76
00
00
00
00
0F
14
7A
75
77
6B
76
79
6F
00
00
6A
73
07
08
00
00
1C
00
00
71
00
72
00
00
6A
1A
78
0F
6A
78
0D
06
1F
00
00
77
76
07
0F
07
06
00
73
79
78
0B
06
74
12
0A
79
00
10
79
06
73
1B
00
11
00
0E
6F
00
0A
14
13
72
70
07
74
08
00
00
73
00
00
0E
00
0B
7A
6A
76
71
00
05
71
09
5E
6C
71
0D
00
0A
07
08
00
00
09
7A
6B
76
17
73
71
73
1A
18
0A
00
74
10
0E
79
14
75
00
0E
79
00
00
6F
00
06
0C
05
00
00
64
66
00
00
19
00
6F
0A
00
00
13
0D
00
73
77
0A
2D
6E
77
00
00
0B
06
00
17
78
08
0B
07
0C
00
1E
79
00
0A
0F
6C
6F
08
75
6A
00
09
07
00
78
76
7A
6C
66
63
00
6D
00
00
00
00
76
15
00
00
74
79
11
6F
00
0E
1B
0F
08
79
6A
74
00
00
00
00
06
0B
00
6F
16
12
00
10
62
05
08
0D
6D
09
00
09
62
00
79
11
6D
00
71
00
00
0B
76
74
0B
73
19
00
00
18
75
00
00
72
00
6A
6A
0E
7A
0B
65
63
07
6B
00
00
16
00
09
17
17
07
11
6B
70
00
6F
68
6B
0F
6E
07
16
76
0C
70
07
00
0B
00
14
06
6F
72
76
09
79
74
06
6D
78
7A
09
0F
11
00
00
7A
6B
10
00
07
67
07
09
13
00
0D
6E
00
74
06
00
0D
72
07
7A
0C
17
09
00
6B
00
00
00
00
00
0C
00
15
6D
0C
73
69
78
75
0C
00
74
13
66
00
00
00
00
00
08
0C
0B
79
00
00
19
00
6D
00
71
0E
72
69
6E
74
00
00
77
00
76
00
59
00
07
68
00
64
17
06
00
71
64
00
1A
00
18
78
07
74
09
13
0B
78
76
00
00
00
79
09
0C
60
00
00
00
0F
0F
00
15
76
09
10
00
73
0C
07
28
67
0B
00
00
76
63
73
16
74
07
07
70
00
6A
13
00
00
0F
06
00
0F
0A
78
00
26
75
00
0B
11
09
68
00
00
00
13
71
13
70
0A
74
13
0F
00
00
00
00
0B
74
00
73
00
00
00
78
77
07
6B
71
00
00
00
0E
64
00
00
00
00
13
00
0F
06
1C
7A
00
13
00
6C
00
00
0C
79
00
00
00
00
77
72
00
76
6A
79
00
0A
76
00
00
78
00
00
74
0C
68
70
72
07
69
16
00
79
12
77
00
10
00
76
09
09
08
00
07
78
00
0C
6F
71
66
76
0D
0C
06
76
6E
17
0B
00
10
78
08
6A
18
07
77
00
72
0B
00
00
00
08
08
00
69
12
00
0C
00
06
09
6F
00
0D
14
75
15
00
71
00
00
10
06
6B
00
20
00
6D
75
79
00
05
12
08
00
00
00
00
00
0E
73
75
07
6F
08
00
75
78
00
79
73
79
00
09
0A
00
00
00
77
0B
00
09
00
0E
00
0E
73
70
76
74
00
67
15
61
05
6C
00
21
00
09
73
08
0C
07
77
6E
00
0F
06
00
00
00
0F
78
18
1A
05
10
1C
0C
76
72
0D
00
74
22
00
73
79
05
09
22
6F
00
15
70
00
77
08
1A
77
06

