00
6F
10
1C
0B
00
65
6A
6F
00
0E
75
1A
00
06
09
0B
67
05
00
77
77
00
1B
70
15
12
7A
76
0B
07
67
65
00
61
00
79
79
6A
12
0A
00
77
11
0C
72
78
6E
00
00
0B
0A
68
07
00
75
00
0A
77
00
75
6F
08
00
00
00
75
00
0A
7A
76
08
00
08
78
76
0F
79
10
77
00
00
6D
67
07
00
0D
1A
0B
10
00
67
00
00
67
00
76
09
05
5B
00
05
10
00
5C
78
19
00
0A
00
1B
0D
76
00
78
0C
00
75
00
00
0B
18
10
12
11
12
09
79
00
10
6F
0A
08
75
00
77
00
13
00
79
0A
00
10
00
0D
00
11
70
6D
6B
0E
11
0C
75
05
0B
06
0D
00
00
00
00
0B
00
00
13
72
73
62
0D
00
10
0B
66
0C
00
0E
74
00
00
76
71
6B
14
19
00
00
00
08
6B
79
15
00
00
00
76
1C
77
75
00
00
76
06
77
73
6A
00
00
00
65
77
00
70
00
00
6D
06
00
00
09
00
00
00
00
0A
72
79
1B
09
73
0B
19
74
00
00
00
6D
06
00
00
10
00
00
00
11
6C
00
73
0D
6E
00
0F
0E
00
0C
0F
18
62
73
00
74
70
76
0B
16
00
13
0A
76
71
6B
71
00
0A
6F
00
00
00
05
00
6A
68
67
74
00
00
15
75
00
79
7A
00
76
00
00
6D
00
16
10
0B
00
00
00
71
0F
0C
00
00
00
71
00
07
00
6A
75
77
67
6D
75
00
17
6A
0E
1C
76
6B
00
72
0E
0F
78
6C
6F
1A
09
65
12
71
72
79
00
17
77
0F
00
78
0A
72
00
0E
72
0F
71
1B
00
6A
0C
68
68
00
00
19
15
11
00
2A
6F
12
00
10
13
12
0E
00
78
73
09
00
0F
09
00
77
00
73
74
05
0B
6E
11
06
00
09
73
00
05
00
0C
7A
71
79
0B
00
00
0C
79
73
00
00
0B
0B
00
09
77
67
11
10
00
00
0F
75
00
11
00
12
05
6D
6F
07
74
79
77
75
0F
00
0B
00
6E
76
08
00
73
6C
00
00
76
76
6D
12
06
6B
6E
13
0A
23
14
79
7A
08
70
71
19
00
15
15
76
77
00
79
07
00
72
07
77
00
78
06
6B
00
66
11
07
75
09
78
00
00
74
79
15
73
08
00
00
00
00
05
00
75
00
00
00
00
00
05
00
75
00
77
70
71
6B
6E
00
69
72
6C
00
00
06
00
00
09
14
09
12
00
00
6F
00
76
74
07
00
6A
00
14
76
00
0D
0B
09
00
70
78
00
00
0A
73
10
1C
00
0B
00
72
0E
10
0C
0D
78
75
06
77
00
0A
00
00
79
6D
6F
00
00
0C
00
69
00
73
00
19
00
0F
68
76
0B
10
00
0A
11
00
12
09
00
0F
76
73
0D
0F
15
0C
00
75
00
75
16
00
10
72
79
73
73
00
0E
0C
00
00
00
77
00
6B
68
10
00
0F
21
00
05
17
00
79
07
24
0B
06
75
07
17
69
75
75
78
08
1B
0A
07
00
77
71
73
77
00
00
00
00
70
00
64
14
00
08
13
14
00
0B
0F
0E
00
0A
00
1C
11
00
00
00
11
78
0B
00
1C
10
0B
1D
09
00
09
6E
08
00
6C
09
06
13
00
6B
00
00
00
0E
05
1E
00
0C
09
00
5E
78
0B
79
78
07
0D
78
07
6A
0C
0A
0D
74
12
69
69
73
78
66
76
12
14
5F
00
09
0E
06
00
67
00
07
60
0C
73
07
0B
00
08
71
08
00
10
00
00
0F
70
18
00
00
11
76
16
6F
00
00
70
0D
0A
64
0D
09
05
5F
00
79
06
00
09
72
00
66
6F
71
79
0E
60
00
00
0B
07
12
00
00
0B
00
00
0A
14
78
72
6E
75
09
69
6D
6D
0B
09
0B
00
6B
06
07
00
6F
76
09
71
68
71
00
00
0B
65
08
0E
00
6F
07
07
7A
00
78
0E
00
77
00
00
0F
0E
75
00
6B
74
77
72
11
00
13
77
00
65
0A
0E
00
0E
76
11
00
63
13
0D
0F
10
00
00
08
00
00
00
06
06
0E
76
0F
61
0D
05
74
00
73
6F
00
72
74
0C
0A
76
08
0A
75
0E
70
00
00
6C
13

